unique_id,ds,y
102001,2021-06-30,292304.0
102001,2021-07-31,298069.0
102001,2021-08-31,303296.0
102001,2021-09-30,308220.0
394913,2021-06-30,545638.0
394913,2021-07-31,553551.0
394913,2021-08-31,561136.0
394913,2021-09-30,567059.0
753899,2021-06-30,803315.0
753899,2021-07-31,824025.0
753899,2021-08-31,837548.0
753899,2021-09-30,846526.0
394463,2021-06-30,272894.0
394463,2021-07-31,277086.0
394463,2021-08-31,281183.0
394463,2021-09-30,284285.0
394514,2021-06-30,303499.0
394514,2021-07-31,311268.0
394514,2021-08-31,319368.0
394514,2021-09-30,326597.0
394974,2021-06-30,296765.0
394974,2021-07-31,301366.0
394974,2021-08-31,304989.0
394974,2021-09-30,307863.0
394692,2021-06-30,251163.0
394692,2021-07-31,256947.0
394692,2021-08-31,262918.0
394692,2021-09-30,267794.0
395209,2021-06-30,508073.0
395209,2021-07-31,513178.0
395209,2021-08-31,516665.0
395209,2021-09-30,518949.0
394856,2021-06-30,351939.0
394856,2021-07-31,359289.0
394856,2021-08-31,366852.0
394856,2021-09-30,375082.0
394347,2021-06-30,293002.0
394347,2021-07-31,300390.0
394347,2021-08-31,307832.0
394347,2021-09-30,315033.0
394404,2021-06-30,580485.0
394404,2021-07-31,590587.0
394404,2021-08-31,598322.0
394404,2021-09-30,603291.0
395057,2021-06-30,1275781.0
395057,2021-07-31,1308955.0
395057,2021-08-31,1328573.0
395057,2021-09-30,1341085.0
394532,2021-06-30,214347.0
394532,2021-07-31,218181.0
394532,2021-08-31,221483.0
394532,2021-09-30,223714.0
395025,2021-06-30,478448.0
395025,2021-07-31,493486.0
395025,2021-08-31,506969.0
395025,2021-09-30,518349.0
394976,2021-06-30,379064.0
394976,2021-07-31,392046.0
394976,2021-08-31,401741.0
394976,2021-09-30,410028.0
395078,2021-06-30,650728.0
395078,2021-07-31,666087.0
395078,2021-08-31,679151.0
395078,2021-09-30,687363.0
394865,2021-06-30,336940.0
394865,2021-07-31,342641.0
394865,2021-08-31,346637.0
394865,2021-09-30,349400.0
395056,2021-06-30,760630.0
395056,2021-07-31,784188.0
395056,2021-08-31,798971.0
395056,2021-09-30,809206.0
395121,2021-06-30,213195.0
395121,2021-07-31,216577.0
395121,2021-08-31,218659.0
395121,2021-09-30,219897.0
395148,2021-06-30,284506.0
395148,2021-07-31,293574.0
395148,2021-08-31,302635.0
395148,2021-09-30,310378.0
394358,2021-06-30,338581.0
394358,2021-07-31,342758.0
394358,2021-08-31,346240.0
394358,2021-09-30,348505.0
394530,2021-06-30,537911.0
394530,2021-07-31,551735.0
394530,2021-08-31,561747.0
394530,2021-09-30,569007.0
394982,2021-06-30,193393.0
394982,2021-07-31,196741.0
394982,2021-08-31,198561.0
394982,2021-09-30,199630.0
394998,2021-06-30,503069.0
394998,2021-07-31,513410.0
394998,2021-08-31,521887.0
394998,2021-09-30,528038.0
394458,2021-06-30,294985.0
394458,2021-07-31,302860.0
394458,2021-08-31,310675.0
394458,2021-09-30,317876.0
395045,2021-06-30,525478.0
395045,2021-07-31,539995.0
395045,2021-08-31,553961.0
395045,2021-09-30,563703.0
395055,2021-06-30,245086.0
395055,2021-07-31,250593.0
395055,2021-08-31,256173.0
395055,2021-09-30,260466.0
394943,2021-06-30,298606.0
394943,2021-07-31,306383.0
394943,2021-08-31,314174.0
394943,2021-09-30,321666.0
394466,2021-06-30,224946.0
394466,2021-07-31,228443.0
394466,2021-08-31,231858.0
394466,2021-09-30,235166.0
394475,2021-06-30,190431.0
394475,2021-07-31,194112.0
394475,2021-08-31,196630.0
394475,2021-09-30,198532.0
394735,2021-06-30,248660.0
394735,2021-07-31,251640.0
394735,2021-08-31,254487.0
394735,2021-09-30,257080.0
394775,2021-06-30,350292.0
394775,2021-07-31,361490.0
394775,2021-08-31,370829.0
394775,2021-09-30,378476.0
394492,2021-06-30,254057.0
394492,2021-07-31,257965.0
394492,2021-08-31,260942.0
394492,2021-09-30,263852.0
394705,2021-06-30,222422.0
394705,2021-07-31,226136.0
394705,2021-08-31,229368.0
394705,2021-09-30,232572.0
395059,2021-06-30,1413912.0
395059,2021-07-31,1449279.0
395059,2021-08-31,1471540.0
395059,2021-09-30,1477055.0
394355,2021-06-30,476688.0
394355,2021-07-31,496740.0
394355,2021-08-31,512779.0
394355,2021-09-30,520898.0
395194,2021-06-30,281353.0
395194,2021-07-31,284871.0
395194,2021-08-31,288554.0
395194,2021-09-30,292029.0
394902,2021-06-30,339051.0
394902,2021-07-31,347632.0
394902,2021-08-31,356840.0
394902,2021-09-30,365573.0
395005,2021-06-30,388145.0
395005,2021-07-31,395692.0
395005,2021-08-31,403189.0
395005,2021-09-30,408604.0
394862,2021-06-30,244290.0
394862,2021-07-31,248320.0
394862,2021-08-31,251075.0
394862,2021-09-30,252418.0
394714,2021-06-30,279109.0
394714,2021-07-31,286579.0
394714,2021-08-31,293942.0
394714,2021-09-30,301415.0
394849,2021-06-30,189880.0
394849,2021-07-31,192817.0
394849,2021-08-31,195453.0
394849,2021-09-30,198369.0
394935,2021-06-30,182756.0
394935,2021-07-31,185481.0
394935,2021-08-31,188004.0
394935,2021-09-30,190559.0
394807,2021-06-30,211374.0
394807,2021-07-31,214220.0
394807,2021-08-31,216291.0
394807,2021-09-30,218428.0
394669,2021-06-30,282815.0
394669,2021-07-31,287369.0
394669,2021-08-31,290618.0
394669,2021-09-30,293690.0
395022,2021-06-30,285718.0
395022,2021-07-31,289096.0
395022,2021-08-31,291807.0
395022,2021-09-30,294818.0
394910,2021-06-30,236391.0
394910,2021-07-31,239765.0
394910,2021-08-31,243222.0
394910,2021-09-30,246868.0
394425,2021-06-30,214992.0
394425,2021-07-31,221501.0
394425,2021-08-31,224418.0
394425,2021-09-30,225838.0
395012,2021-06-30,340528.0
395012,2021-07-31,351227.0
395012,2021-08-31,363754.0
395012,2021-09-30,374649.0
394388,2021-06-30,200698.0
394388,2021-07-31,204132.0
394388,2021-08-31,207177.0
394388,2021-09-30,210425.0
395053,2021-06-30,495978.0
395053,2021-07-31,511013.0
395053,2021-08-31,524346.0
395053,2021-09-30,532175.0
395031,2021-06-30,188451.0
395031,2021-07-31,192158.0
395031,2021-08-31,194050.0
395031,2021-09-30,194732.0
394640,2021-06-30,260890.0
394640,2021-07-31,265706.0
394640,2021-08-31,269540.0
394640,2021-09-30,271657.0
395167,2021-06-30,280438.0
395167,2021-07-31,289332.0
395167,2021-08-31,296199.0
395167,2021-09-30,301455.0
753924,2021-06-30,793997.0
753924,2021-07-31,812424.0
753924,2021-08-31,826201.0
753924,2021-09-30,841037.0
395169,2021-06-30,174150.0
395169,2021-07-31,176828.0
395169,2021-08-31,179417.0
395169,2021-09-30,181919.0
394619,2021-06-30,329447.0
394619,2021-07-31,338825.0
394619,2021-08-31,346686.0
394619,2021-09-30,353776.0
395238,2021-06-30,369119.0
395238,2021-07-31,375025.0
395238,2021-08-31,380560.0
395238,2021-09-30,383527.0
394415,2021-06-30,499832.0
394415,2021-07-31,510705.0
394415,2021-08-31,517558.0
394415,2021-09-30,520024.0
394312,2021-06-30,259920.0
394312,2021-07-31,265123.0
394312,2021-08-31,269202.0
394312,2021-09-30,272840.0
394308,2021-06-30,238043.0
394308,2021-07-31,241724.0
394308,2021-08-31,245616.0
394308,2021-09-30,248417.0
394938,2021-06-30,236408.0
394938,2021-07-31,239542.0
394938,2021-08-31,241471.0
394938,2021-09-30,243227.0
394908,2021-06-30,289367.0
394908,2021-07-31,295614.0
394908,2021-08-31,299702.0
394908,2021-09-30,301014.0
394357,2021-06-30,279527.0
394357,2021-07-31,286107.0
394357,2021-08-31,293824.0
394357,2021-09-30,300675.0
394753,2021-06-30,240138.0
394753,2021-07-31,245773.0
394753,2021-08-31,251433.0
394753,2021-09-30,257436.0
394653,2021-06-30,239823.0
394653,2021-07-31,243848.0
394653,2021-08-31,247975.0
394653,2021-09-30,252162.0
394952,2021-06-30,737914.0
394952,2021-07-31,760115.0
394952,2021-08-31,777046.0
394952,2021-09-30,788494.0
394318,2021-06-30,260405.0
394318,2021-07-31,264553.0
394318,2021-08-31,268326.0
394318,2021-09-30,271723.0
394561,2021-06-30,161615.0
394561,2021-07-31,164775.0
394561,2021-08-31,167610.0
394561,2021-09-30,170463.0
394367,2021-06-30,205327.0
394367,2021-07-31,207578.0
394367,2021-08-31,209898.0
394367,2021-09-30,211756.0
394521,2021-06-30,165712.0
394521,2021-07-31,168253.0
394521,2021-08-31,170398.0
394521,2021-09-30,172468.0
394843,2021-06-30,137880.0
394843,2021-07-31,139825.0
394843,2021-08-31,141871.0
394843,2021-09-30,144301.0
394486,2021-06-30,187487.0
394486,2021-07-31,191164.0
394486,2021-08-31,194925.0
394486,2021-09-30,198567.0
394648,2021-06-30,187484.0
394648,2021-07-31,191069.0
394648,2021-08-31,194907.0
394648,2021-09-30,198055.0
394304,2021-06-30,181002.0
394304,2021-07-31,183667.0
394304,2021-08-31,185399.0
394304,2021-09-30,187478.0
753906,2021-06-30,339127.0
753906,2021-07-31,352341.0
753906,2021-08-31,365914.0
753906,2021-09-30,377672.0
394798,2021-06-30,171357.0
394798,2021-07-31,174382.0
394798,2021-08-31,176314.0
394798,2021-09-30,179019.0
395134,2021-06-30,478540.0
395134,2021-07-31,497743.0
395134,2021-08-31,512275.0
395134,2021-09-30,522211.0
394457,2021-06-30,323276.0
394457,2021-07-31,331520.0
394457,2021-08-31,339645.0
394457,2021-09-30,346369.0
395143,2021-06-30,172904.0
395143,2021-07-31,175277.0
395143,2021-08-31,177040.0
395143,2021-09-30,178075.0
394484,2021-06-30,414821.0
394484,2021-07-31,424579.0
394484,2021-08-31,432978.0
394484,2021-09-30,440499.0
395235,2021-06-30,190123.0
395235,2021-07-31,192775.0
395235,2021-08-31,196432.0
395235,2021-09-30,200506.0
395224,2021-06-30,164991.0
395224,2021-07-31,166825.0
395224,2021-08-31,168401.0
395224,2021-09-30,171103.0
395115,2021-06-30,282167.0
395115,2021-07-31,286017.0
395115,2021-08-31,290241.0
395115,2021-09-30,293492.0
394440,2021-06-30,294363.0
394440,2021-07-31,305494.0
394440,2021-08-31,315953.0
394440,2021-09-30,327172.0
394399,2021-06-30,464862.0
394399,2021-07-31,481199.0
394399,2021-08-31,495873.0
394399,2021-09-30,502580.0
395160,2021-06-30,148351.0
395160,2021-07-31,149734.0
395160,2021-08-31,151944.0
395160,2021-09-30,153285.0
394816,2021-06-30,326648.0
394816,2021-07-31,331880.0
394816,2021-08-31,337227.0
394816,2021-09-30,339639.0
394766,2021-06-30,234233.0
394766,2021-07-31,240668.0
394766,2021-08-31,247191.0
394766,2021-09-30,253711.0
394931,2021-06-30,434585.0
394931,2021-07-31,448698.0
394931,2021-08-31,459240.0
394931,2021-09-30,468724.0
394528,2021-06-30,266114.0
394528,2021-07-31,273786.0
394528,2021-08-31,282275.0
394528,2021-09-30,290919.0
394531,2021-06-30,229716.0
394531,2021-07-31,232792.0
394531,2021-08-31,235532.0
394531,2021-09-30,237816.0
394711,2021-06-30,162340.0
394711,2021-07-31,165408.0
394711,2021-08-31,168094.0
394711,2021-09-30,170751.0
395245,2021-06-30,125945.0
395245,2021-07-31,127885.0
395245,2021-08-31,129821.0
395245,2021-09-30,131065.0
394352,2021-06-30,183257.0
394352,2021-07-31,185866.0
394352,2021-08-31,188483.0
394352,2021-09-30,191339.0
395075,2021-06-30,145196.0
395075,2021-07-31,148844.0
395075,2021-08-31,152114.0
395075,2021-09-30,155035.0
394666,2021-06-30,223105.0
394666,2021-07-31,225832.0
394666,2021-08-31,228483.0
394666,2021-09-30,231117.0
394957,2021-06-30,274439.0
394957,2021-07-31,281923.0
394957,2021-08-31,288429.0
394957,2021-09-30,294248.0
394460,2021-06-30,213348.0
394460,2021-07-31,218067.0
394460,2021-08-31,222088.0
394460,2021-09-30,226018.0
395113,2021-06-30,369198.0
395113,2021-07-31,379206.0
395113,2021-08-31,387545.0
395113,2021-09-30,393310.0
395006,2021-06-30,483899.0
395006,2021-07-31,502079.0
395006,2021-08-31,514559.0
395006,2021-09-30,522074.0
394768,2021-06-30,277262.0
394768,2021-07-31,281446.0
394768,2021-08-31,285117.0
394768,2021-09-30,288083.0
394871,2021-06-30,403186.0
394871,2021-07-31,414867.0
394871,2021-08-31,424460.0
394871,2021-09-30,431020.0
394997,2021-06-30,402769.0
394997,2021-07-31,413842.0
394997,2021-08-31,422186.0
394997,2021-09-30,426914.0
394549,2021-06-30,322825.0
394549,2021-07-31,332174.0
394549,2021-08-31,341303.0
394549,2021-09-30,350172.0
395068,2021-06-30,732939.0
395068,2021-07-31,746429.0
395068,2021-08-31,760947.0
395068,2021-09-30,769431.0
394792,2021-06-30,226574.0
394792,2021-07-31,229742.0
394792,2021-08-31,232616.0
394792,2021-09-30,235488.0
394761,2021-06-30,171339.0
394761,2021-07-31,172708.0
394761,2021-08-31,174488.0
394761,2021-09-30,176549.0
394770,2021-06-30,191905.0
394770,2021-07-31,193890.0
394770,2021-08-31,195752.0
394770,2021-09-30,197562.0
394590,2021-06-30,242064.0
394590,2021-07-31,247841.0
394590,2021-08-31,253172.0
394590,2021-09-30,258203.0
394971,2021-06-30,229493.0
394971,2021-07-31,235626.0
394971,2021-08-31,241196.0
394971,2021-09-30,246710.0
395195,2021-06-30,274631.0
395195,2021-07-31,282360.0
395195,2021-08-31,290466.0
395195,2021-09-30,295769.0
395096,2021-06-30,124156.0
395096,2021-07-31,125240.0
395096,2021-08-31,126538.0
395096,2021-09-30,127966.0
395116,2021-06-30,185941.0
395116,2021-07-31,188317.0
395116,2021-08-31,191021.0
395116,2021-09-30,193894.0
395244,2021-06-30,232965.0
395244,2021-07-31,236294.0
395244,2021-08-31,238539.0
395244,2021-09-30,239841.0
394502,2021-06-30,188543.0
394502,2021-07-31,191233.0
394502,2021-08-31,194415.0
394502,2021-09-30,197681.0
394596,2021-06-30,155281.0
394596,2021-07-31,158122.0
394596,2021-08-31,161238.0
394596,2021-09-30,163281.0
395019,2021-06-30,490437.0
395019,2021-07-31,503310.0
395019,2021-08-31,513634.0
395019,2021-09-30,523278.0
394338,2021-06-30,330706.0
394338,2021-07-31,337218.0
394338,2021-08-31,343671.0
394338,2021-09-30,350898.0
394995,2021-06-30,293341.0
394995,2021-07-31,301896.0
394995,2021-08-31,310811.0
394995,2021-09-30,321514.0
753917,2021-06-30,775109.0
753917,2021-07-31,802140.0
753917,2021-08-31,824452.0
753917,2021-09-30,840434.0
394698,2021-06-30,241177.0
394698,2021-07-31,246569.0
394698,2021-08-31,250910.0
394698,2021-09-30,256425.0
394612,2021-06-30,179178.0
394612,2021-07-31,181802.0
394612,2021-08-31,184658.0
394612,2021-09-30,187560.0
395050,2021-06-30,721411.0
395050,2021-07-31,743344.0
395050,2021-08-31,764302.0
395050,2021-09-30,778228.0
395183,2021-06-30,538481.0
395183,2021-07-31,553363.0
395183,2021-08-31,566677.0
395183,2021-09-30,576622.0
394870,2021-06-30,152348.0
394870,2021-07-31,155704.0
394870,2021-08-31,158827.0
394870,2021-09-30,160820.0
395015,2021-06-30,224319.0
395015,2021-07-31,227719.0
395015,2021-08-31,231674.0
395015,2021-09-30,235330.0
394421,2021-06-30,130225.0
394421,2021-07-31,132863.0
394421,2021-08-31,134913.0
394421,2021-09-30,137073.0
394746,2021-06-30,192861.0
394746,2021-07-31,197361.0
394746,2021-08-31,202435.0
394746,2021-09-30,207500.0
394439,2021-06-30,164885.0
394439,2021-07-31,166790.0
394439,2021-08-31,168181.0
394439,2021-09-30,169365.0
394372,2021-06-30,143217.0
394372,2021-07-31,144163.0
394372,2021-08-31,145459.0
394372,2021-09-30,147310.0
394820,2021-06-30,385049.0
394820,2021-07-31,392136.0
394820,2021-08-31,399107.0
394820,2021-09-30,402576.0
395048,2021-06-30,383838.0
395048,2021-07-31,392422.0
395048,2021-08-31,399126.0
395048,2021-09-30,404658.0
394327,2021-06-30,320246.0
394327,2021-07-31,320832.0
394327,2021-08-31,322858.0
394327,2021-09-30,324858.0
394520,2021-06-30,144418.0
394520,2021-07-31,145880.0
394520,2021-08-31,147742.0
394520,2021-09-30,149674.0
394972,2021-06-30,125116.0
394972,2021-07-31,126620.0
394972,2021-08-31,127984.0
394972,2021-09-30,129637.0
394898,2021-06-30,247299.0
394898,2021-07-31,252329.0
394898,2021-08-31,259921.0
394898,2021-09-30,268435.0
394875,2021-06-30,155730.0
394875,2021-07-31,158152.0
394875,2021-08-31,160848.0
394875,2021-09-30,162914.0
395051,2021-06-30,309854.0
395051,2021-07-31,315651.0
395051,2021-08-31,322593.0
395051,2021-09-30,329996.0
394658,2021-06-30,161207.0
394658,2021-07-31,164064.0
394658,2021-08-31,167079.0
394658,2021-09-30,170190.0
395146,2021-06-30,209442.0
395146,2021-07-31,213373.0
395146,2021-08-31,216226.0
395146,2021-09-30,219473.0
395164,2021-06-30,299120.0
395164,2021-07-31,305294.0
395164,2021-08-31,310678.0
395164,2021-09-30,315408.0
394589,2021-06-30,157049.0
394589,2021-07-31,160159.0
394589,2021-08-31,163017.0
394589,2021-09-30,165489.0
394679,2021-06-30,182977.0
394679,2021-07-31,186044.0
394679,2021-08-31,189128.0
394679,2021-09-30,194103.0
394697,2021-06-30,110906.0
394697,2021-07-31,111471.0
394697,2021-08-31,111967.0
394697,2021-09-30,113631.0
394576,2021-06-30,393013.0
394576,2021-07-31,401169.0
394576,2021-08-31,408812.0
394576,2021-09-30,414361.0
395033,2021-06-30,144412.0
395033,2021-07-31,147298.0
395033,2021-08-31,149804.0
395033,2021-09-30,151481.0
395070,2021-06-30,229068.0
395070,2021-07-31,233438.0
395070,2021-08-31,238153.0
395070,2021-09-30,242863.0
394332,2021-06-30,340084.0
394332,2021-07-31,344840.0
394332,2021-08-31,349038.0
394332,2021-09-30,351613.0
394927,2021-06-30,194515.0
394927,2021-07-31,198509.0
394927,2021-08-31,203152.0
394927,2021-09-30,207964.0
394732,2021-06-30,211239.0
394732,2021-07-31,214815.0
394732,2021-08-31,218130.0
394732,2021-09-30,220621.0
394901,2021-06-30,413874.0
394901,2021-07-31,427551.0
394901,2021-08-31,441232.0
394901,2021-09-30,458330.0
395107,2021-06-30,166740.0
395107,2021-07-31,170193.0
395107,2021-08-31,173166.0
395107,2021-09-30,176072.0
395109,2021-06-30,183960.0
395109,2021-07-31,186964.0
395109,2021-08-31,190705.0
395109,2021-09-30,194708.0
394579,2021-06-30,168849.0
394579,2021-07-31,171227.0
394579,2021-08-31,172922.0
394579,2021-09-30,174713.0
394747,2021-06-30,150695.0
394747,2021-07-31,152939.0
394747,2021-08-31,155188.0
394747,2021-09-30,157987.0
395028,2021-06-30,212479.0
395028,2021-07-31,215184.0
395028,2021-08-31,217950.0
395028,2021-09-30,221415.0
394646,2021-06-30,221203.0
394646,2021-07-31,223102.0
394646,2021-08-31,224958.0
394646,2021-09-30,227114.0
394796,2021-06-30,240960.0
394796,2021-07-31,244283.0
394796,2021-08-31,246923.0
394796,2021-09-30,249323.0
394602,2021-06-30,476921.0
394602,2021-07-31,488000.0
394602,2021-08-31,499226.0
394602,2021-09-30,507628.0
395179,2021-06-30,163856.0
395179,2021-07-31,166366.0
395179,2021-08-31,168299.0
395179,2021-09-30,171678.0
394488,2021-06-30,143928.0
394488,2021-07-31,145521.0
394488,2021-08-31,146944.0
394488,2021-09-30,149065.0
394405,2021-06-30,675847.0
394405,2021-07-31,691157.0
394405,2021-08-31,700674.0
394405,2021-09-30,708602.0
394808,2021-06-30,170386.0
394808,2021-07-31,172450.0
394808,2021-08-31,174850.0
394808,2021-09-30,177420.0
394572,2021-06-30,155480.0
394572,2021-07-31,157890.0
394572,2021-08-31,160642.0
394572,2021-09-30,162496.0
394609,2021-06-30,123083.0
394609,2021-07-31,124389.0
394609,2021-08-31,125700.0
394609,2021-09-30,127767.0
394543,2021-06-30,194054.0
394543,2021-07-31,197164.0
394543,2021-08-31,199600.0
394543,2021-09-30,202597.0
394348,2021-06-30,253548.0
394348,2021-07-31,259858.0
394348,2021-08-31,267658.0
394348,2021-09-30,273348.0
394924,2021-06-30,304111.0
394924,2021-07-31,306984.0
394924,2021-08-31,308817.0
394924,2021-09-30,311833.0
395061,2021-06-30,727013.0
395061,2021-07-31,744753.0
395061,2021-08-31,759941.0
395061,2021-09-30,770495.0
394622,2021-06-30,232121.0
394622,2021-07-31,236781.0
394622,2021-08-31,241279.0
394622,2021-09-30,245068.0
395065,2021-06-30,1053412.0
395065,2021-07-31,1082744.0
395065,2021-08-31,1104358.0
395065,2021-09-30,1112980.0
394471,2021-06-30,212038.0
394471,2021-07-31,216049.0
394471,2021-08-31,220159.0
394471,2021-09-30,224373.0
394447,2021-06-30,177509.0
394447,2021-07-31,179168.0
394447,2021-08-31,180286.0
394447,2021-09-30,182399.0
394851,2021-06-30,349729.0
394851,2021-07-31,356741.0
394851,2021-08-31,364265.0
394851,2021-09-30,373447.0
395229,2021-06-30,303647.0
395229,2021-07-31,310032.0
395229,2021-08-31,318119.0
395229,2021-09-30,326062.0
394741,2021-06-30,355797.0
394741,2021-07-31,363681.0
394741,2021-08-31,371387.0
394741,2021-09-30,378531.0
394645,2021-06-30,442095.0
394645,2021-07-31,453638.0
394645,2021-08-31,464040.0
394645,2021-09-30,473711.0
395197,2021-06-30,198446.0
395197,2021-07-31,203523.0
395197,2021-08-31,209416.0
395197,2021-09-30,216293.0
394937,2021-06-30,448598.0
394937,2021-07-31,459929.0
394937,2021-08-31,469078.0
394937,2021-09-30,475431.0
394323,2021-06-30,168597.0
394323,2021-07-31,171323.0
394323,2021-08-31,174091.0
394323,2021-09-30,176854.0
394387,2021-06-30,142224.0
394387,2021-07-31,145829.0
394387,2021-08-31,149053.0
394387,2021-09-30,151353.0
394660,2021-06-30,242253.0
394660,2021-07-31,245538.0
394660,2021-08-31,249205.0
394660,2021-09-30,252903.0
394412,2021-06-30,498447.0
394412,2021-07-31,506101.0
394412,2021-08-31,518168.0
394412,2021-09-30,526895.0
394772,2021-06-30,161330.0
394772,2021-07-31,164173.0
394772,2021-08-31,167492.0
394772,2021-09-30,171315.0
394811,2021-06-30,210360.0
394811,2021-07-31,212687.0
394811,2021-08-31,215409.0
394811,2021-09-30,218645.0
395240,2021-06-30,290071.0
395240,2021-07-31,294570.0
395240,2021-08-31,299645.0
395240,2021-09-30,304360.0
753875,2021-06-30,341518.0
753875,2021-07-31,350579.0
753875,2021-08-31,359982.0
753875,2021-09-30,368233.0
395161,2021-06-30,152437.0
395161,2021-07-31,154072.0
395161,2021-08-31,156098.0
395161,2021-09-30,158610.0
394813,2021-06-30,124988.0
394813,2021-07-31,126842.0
394813,2021-08-31,128542.0
394813,2021-09-30,131153.0
394454,2021-06-30,161263.0
394454,2021-07-31,163591.0
394454,2021-08-31,165588.0
394454,2021-09-30,167627.0
395171,2021-06-30,188028.0
395171,2021-07-31,189957.0
395171,2021-08-31,192609.0
395171,2021-09-30,195079.0
394483,2021-06-30,229293.0
394483,2021-07-31,231377.0
394483,2021-08-31,233726.0
394483,2021-09-30,236851.0
395103,2021-06-30,257561.0
395103,2021-07-31,260789.0
395103,2021-08-31,263713.0
395103,2021-09-30,268408.0
394455,2021-06-30,109366.0
394455,2021-07-31,110568.0
394455,2021-08-31,111999.0
394455,2021-09-30,113360.0
394334,2021-06-30,223688.0
394334,2021-07-31,227280.0
394334,2021-08-31,230528.0
394334,2021-09-30,233480.0
394464,2021-06-30,371567.0
394464,2021-07-31,378730.0
394464,2021-08-31,385264.0
394464,2021-09-30,390605.0
394459,2021-06-30,348573.0
394459,2021-07-31,352600.0
394459,2021-08-31,355847.0
394459,2021-09-30,359201.0
394468,2021-06-30,266573.0
394468,2021-07-31,272627.0
394468,2021-08-31,279605.0
394468,2021-09-30,286142.0
394361,2021-06-30,574357.0
394361,2021-07-31,590453.0
394361,2021-08-31,601900.0
394361,2021-09-30,611001.0
394803,2021-06-30,159463.0
394803,2021-07-31,161538.0
394803,2021-08-31,164170.0
394803,2021-09-30,168275.0
394429,2021-06-30,350566.0
394429,2021-07-31,356109.0
394429,2021-08-31,362192.0
394429,2021-09-30,370704.0
395002,2021-06-30,418266.0
395002,2021-07-31,431045.0
395002,2021-08-31,442986.0
395002,2021-09-30,451786.0
395114,2021-06-30,145469.0
395114,2021-07-31,146588.0
395114,2021-08-31,147730.0
395114,2021-09-30,148735.0
395174,2021-06-30,201790.0
395174,2021-07-31,205078.0
395174,2021-08-31,209433.0
395174,2021-09-30,212977.0
394773,2021-06-30,209289.0
394773,2021-07-31,212794.0
394773,2021-08-31,215603.0
394773,2021-09-30,218436.0
394585,2021-06-30,249112.0
394585,2021-07-31,251467.0
394585,2021-08-31,253291.0
394585,2021-09-30,255870.0
394691,2021-06-30,162622.0
394691,2021-07-31,163040.0
394691,2021-08-31,163857.0
394691,2021-09-30,165709.0
395030,2021-06-30,269739.0
395030,2021-07-31,273031.0
395030,2021-08-31,276511.0
395030,2021-09-30,280509.0
394597,2021-06-30,135755.0
394597,2021-07-31,137181.0
394597,2021-08-31,138628.0
394597,2021-09-30,141201.0
394848,2021-06-30,386918.0
394848,2021-07-31,393237.0
394848,2021-08-31,400266.0
394848,2021-09-30,406736.0
753895,2021-06-30,199572.0
753895,2021-07-31,202435.0
753895,2021-08-31,205664.0
753895,2021-09-30,209396.0
394378,2021-06-30,516069.0
394378,2021-07-31,526546.0
394378,2021-08-31,541265.0
394378,2021-09-30,553205.0
394765,2021-06-30,310713.0
394765,2021-07-31,320261.0
394765,2021-08-31,328287.0
394765,2021-09-30,335278.0
395047,2021-06-30,123928.0
395047,2021-07-31,126528.0
395047,2021-08-31,128484.0
395047,2021-09-30,129476.0
394763,2021-06-30,177653.0
394763,2021-07-31,179028.0
394763,2021-08-31,180301.0
394763,2021-09-30,181880.0
394726,2021-06-30,177409.0
394726,2021-07-31,180056.0
394726,2021-08-31,183624.0
394726,2021-09-30,187099.0
394565,2021-06-30,198741.0
394565,2021-07-31,202485.0
394565,2021-08-31,205498.0
394565,2021-09-30,208162.0
395247,2021-06-30,210823.0
395247,2021-07-31,215400.0
395247,2021-08-31,220705.0
395247,2021-09-30,226341.0
395011,2021-06-30,190006.0
395011,2021-07-31,190934.0
395011,2021-08-31,192668.0
395011,2021-09-30,192668.0
394346,2021-06-30,241847.0
394346,2021-07-31,246120.0
394346,2021-08-31,250581.0
394346,2021-09-30,255568.0
395162,2021-06-30,312935.0
395162,2021-07-31,317365.0
395162,2021-08-31,322320.0
395162,2021-09-30,326031.0
395118,2021-06-30,251758.0
395118,2021-07-31,256804.0
395118,2021-08-31,260331.0
395118,2021-09-30,263445.0
394681,2021-06-30,363275.0
394681,2021-07-31,372088.0
394681,2021-08-31,381862.0
394681,2021-09-30,393067.0
753869,2021-06-30,169267.0
753869,2021-07-31,171686.0
753869,2021-08-31,174231.0
753869,2021-09-30,176530.0
394680,2021-06-30,451865.0
394680,2021-07-31,462790.0
394680,2021-08-31,476092.0
394680,2021-09-30,489658.0
394960,2021-06-30,268724.0
394960,2021-07-31,274302.0
394960,2021-08-31,280385.0
394960,2021-09-30,288103.0
394748,2021-06-30,332694.0
394748,2021-07-31,339894.0
394748,2021-08-31,344877.0
394748,2021-09-30,350270.0
394519,2021-06-30,267127.0
394519,2021-07-31,272510.0
394519,2021-08-31,278555.0
394519,2021-09-30,284928.0
394623,2021-06-30,284895.0
394623,2021-07-31,293009.0
394623,2021-08-31,301900.0
394623,2021-09-30,309951.0
395202,2021-06-30,164273.0
395202,2021-07-31,166005.0
395202,2021-08-31,168043.0
395202,2021-09-30,170408.0
394392,2021-06-30,213298.0
394392,2021-07-31,215095.0
394392,2021-08-31,216503.0
394392,2021-09-30,216503.0
394716,2021-06-30,188088.0
394716,2021-07-31,191131.0
394716,2021-08-31,194801.0
394716,2021-09-30,198412.0
395018,2021-06-30,337552.0
395018,2021-07-31,345969.0
395018,2021-08-31,353505.0
395018,2021-09-30,359910.0
394872,2021-06-30,147618.0
394872,2021-07-31,149880.0
394872,2021-08-31,152445.0
394872,2021-09-30,154372.0
394729,2021-06-30,146246.0
394729,2021-07-31,147205.0
394729,2021-08-31,148271.0
394729,2021-09-30,150872.0
394559,2021-06-30,282195.0
394559,2021-07-31,286520.0
394559,2021-08-31,290158.0
394559,2021-09-30,294487.0
395151,2021-06-30,105579.0
395151,2021-07-31,106683.0
395151,2021-08-31,108202.0
395151,2021-09-30,110098.0
394896,2021-06-30,182500.0
394896,2021-07-31,186635.0
394896,2021-08-31,189971.0
394896,2021-09-30,192997.0
394553,2021-06-30,235118.0
394553,2021-07-31,243358.0
394553,2021-08-31,251775.0
394553,2021-09-30,258481.0
395102,2021-06-30,157169.0
395102,2021-07-31,157846.0
395102,2021-08-31,159232.0
395102,2021-09-30,161339.0
394651,2021-06-30,168695.0
394651,2021-07-31,172466.0
394651,2021-08-31,176877.0
394651,2021-09-30,181153.0
395210,2021-06-30,151664.0
395210,2021-07-31,152730.0
395210,2021-08-31,153868.0
395210,2021-09-30,155727.0
394944,2021-06-30,186078.0
394944,2021-07-31,188467.0
394944,2021-08-31,190051.0
394944,2021-09-30,191344.0
395246,2021-06-30,366711.0
395246,2021-07-31,379485.0
395246,2021-08-31,391561.0
395246,2021-09-30,401592.0
394299,2021-06-30,153125.0
394299,2021-07-31,155932.0
394299,2021-08-31,157986.0
394299,2021-09-30,160499.0
394485,2021-06-30,230613.0
394485,2021-07-31,234453.0
394485,2021-08-31,237552.0
394485,2021-09-30,240252.0
394539,2021-06-30,271647.0
394539,2021-07-31,276940.0
394539,2021-08-31,282606.0
394539,2021-09-30,287544.0
394555,2021-06-30,221051.0
394555,2021-07-31,224846.0
394555,2021-08-31,227695.0
394555,2021-09-30,230357.0
394720,2021-06-30,182427.0
394720,2021-07-31,184460.0
394720,2021-08-31,186963.0
394720,2021-09-30,189009.0
394710,2021-06-30,177636.0
394710,2021-07-31,179949.0
394710,2021-08-31,182521.0
394710,2021-09-30,184815.0
395009,2021-06-30,278498.0
395009,2021-07-31,287844.0
395009,2021-08-31,299078.0
395009,2021-09-30,308537.0
394393,2021-06-30,239497.0
394393,2021-07-31,242431.0
394393,2021-08-31,244779.0
394393,2021-09-30,247755.0
395007,2021-06-30,249477.0
395007,2021-07-31,255819.0
395007,2021-08-31,262923.0
395007,2021-09-30,268892.0
394386,2021-06-30,300422.0
394386,2021-07-31,305368.0
394386,2021-08-31,311328.0
394386,2021-09-30,317514.0
394406,2021-06-30,175980.0
394406,2021-07-31,177761.0
394406,2021-08-31,179893.0
394406,2021-09-30,184433.0
394380,2021-06-30,580146.0
394380,2021-07-31,604505.0
394380,2021-08-31,625532.0
394380,2021-09-30,643071.0
394306,2021-06-30,116378.0
394306,2021-07-31,117327.0
394306,2021-08-31,117843.0
394306,2021-09-30,117843.0
395193,2021-06-30,182932.0
395193,2021-07-31,187573.0
395193,2021-08-31,192994.0
395193,2021-09-30,197189.0
394917,2021-06-30,217313.0
394917,2021-07-31,220793.0
394917,2021-08-31,223283.0
394917,2021-09-30,226619.0
394731,2021-06-30,775005.0
394731,2021-07-31,787630.0
394731,2021-08-31,805337.0
394731,2021-09-30,825114.0
394946,2021-06-30,129218.0
394946,2021-07-31,130839.0
394946,2021-08-31,132586.0
394946,2021-09-30,134423.0
395125,2021-06-30,273988.0
395125,2021-07-31,276447.0
395125,2021-08-31,279406.0
395125,2021-09-30,281746.0
394359,2021-06-30,201041.0
394359,2021-07-31,205318.0
394359,2021-08-31,209804.0
394359,2021-09-30,213566.0
394314,2021-06-30,160675.0
394314,2021-07-31,162504.0
394314,2021-08-31,164976.0
394314,2021-09-30,167570.0
394523,2021-06-30,160349.0
394523,2021-07-31,162087.0
394523,2021-08-31,163364.0
394523,2021-09-30,165131.0
394662,2021-06-30,280830.0
394662,2021-07-31,286109.0
394662,2021-08-31,291361.0
394662,2021-09-30,296479.0
394707,2021-06-30,237704.0
394707,2021-07-31,240155.0
394707,2021-08-31,242226.0
394707,2021-09-30,243923.0
395036,2021-06-30,137713.0
395036,2021-07-31,140707.0
395036,2021-08-31,141556.0
395036,2021-09-30,144569.0
394873,2021-06-30,209061.0
394873,2021-07-31,211514.0
394873,2021-08-31,213609.0
394873,2021-09-30,215946.0
395223,2021-06-30,123248.0
395223,2021-07-31,125919.0
395223,2021-08-31,128474.0
395223,2021-09-30,130541.0
394428,2021-06-30,194375.0
394428,2021-07-31,200128.0
394428,2021-08-31,205491.0
394428,2021-09-30,211311.0
394814,2021-06-30,337490.0
394814,2021-07-31,345840.0
394814,2021-08-31,355292.0
394814,2021-09-30,363786.0
394723,2021-06-30,181693.0
394723,2021-07-31,184085.0
394723,2021-08-31,186735.0
394723,2021-09-30,190878.0
394453,2021-06-30,213436.0
394453,2021-07-31,215801.0
394453,2021-08-31,218884.0
394453,2021-09-30,220676.0
395152,2021-06-30,120411.0
395152,2021-07-31,121402.0
395152,2021-08-31,122054.0
395152,2021-09-30,122054.0
394563,2021-06-30,182722.0
394563,2021-07-31,185342.0
394563,2021-08-31,187273.0
394563,2021-09-30,190390.0
395000,2021-06-30,108224.0
395000,2021-07-31,111610.0
395000,2021-08-31,114529.0
395000,2021-09-30,117186.0
395221,2021-06-30,111047.0
395221,2021-07-31,111694.0
395221,2021-08-31,112249.0
395221,2021-09-30,114078.0
394598,2021-06-30,136574.0
394598,2021-07-31,138566.0
394598,2021-08-31,140583.0
394598,2021-09-30,143186.0
394639,2021-06-30,326599.0
394639,2021-07-31,335253.0
394639,2021-08-31,343277.0
394639,2021-09-30,350196.0
394493,2021-06-30,332711.0
394493,2021-07-31,339813.0
394493,2021-08-31,345944.0
394493,2021-09-30,352497.0
394537,2021-06-30,134657.0
394537,2021-07-31,136025.0
394537,2021-08-31,137782.0
394537,2021-09-30,139877.0
395066,2021-06-30,443484.0
395066,2021-07-31,451978.0
395066,2021-08-31,461250.0
395066,2021-09-30,469592.0
394727,2021-06-30,89508.0
394727,2021-07-31,90178.0
394727,2021-08-31,91290.0
394727,2021-09-30,92850.0
395163,2021-06-30,299043.0
395163,2021-07-31,305628.0
395163,2021-08-31,311479.0
395163,2021-09-30,318004.0
394671,2021-06-30,154288.0
394671,2021-07-31,154896.0
394671,2021-08-31,155676.0
394671,2021-09-30,157823.0
394515,2021-06-30,166973.0
394515,2021-07-31,169663.0
394515,2021-08-31,172271.0
394515,2021-09-30,175597.0
394860,2021-06-30,259535.0
394860,2021-07-31,261585.0
394860,2021-08-31,263459.0
394860,2021-09-30,266152.0
394685,2021-06-30,211037.0
394685,2021-07-31,216024.0
394685,2021-08-31,221929.0
394685,2021-09-30,227445.0
394351,2021-06-30,227203.0
394351,2021-07-31,229077.0
394351,2021-08-31,231475.0
394351,2021-09-30,235140.0
395182,2021-06-30,146050.0
395182,2021-07-31,148112.0
395182,2021-08-31,150218.0
395182,2021-09-30,152799.0
394480,2021-06-30,490867.0
394480,2021-07-31,513871.0
394480,2021-08-31,533572.0
394480,2021-09-30,551591.0
395117,2021-06-30,149464.0
395117,2021-07-31,151196.0
395117,2021-08-31,152055.0
395117,2021-09-30,152662.0
395119,2021-06-30,435366.0
395119,2021-07-31,452982.0
395119,2021-08-31,471023.0
395119,2021-09-30,484806.0
395079,2021-06-30,273019.0
395079,2021-07-31,280666.0
395079,2021-08-31,289972.0
395079,2021-09-30,299735.0
394930,2021-06-30,179065.0
394930,2021-07-31,177213.0
394930,2021-08-31,176210.0
394930,2021-09-30,175427.0
394900,2021-06-30,821037.0
394900,2021-07-31,843336.0
394900,2021-08-31,860537.0
394900,2021-09-30,870123.0
395170,2021-06-30,131347.0
395170,2021-07-31,132183.0
395170,2021-08-31,133015.0
395170,2021-09-30,134926.0
394368,2021-06-30,147770.0
394368,2021-07-31,149821.0
394368,2021-08-31,152232.0
394368,2021-09-30,155016.0
394719,2021-06-30,123516.0
394719,2021-07-31,125280.0
394719,2021-08-31,127316.0
394719,2021-09-30,129296.0
394577,2021-06-30,382443.0
394577,2021-07-31,392933.0
394577,2021-08-31,405725.0
394577,2021-09-30,417277.0
395013,2021-06-30,273014.0
395013,2021-07-31,277636.0
395013,2021-08-31,282416.0
395013,2021-09-30,288239.0
394595,2021-06-30,481384.0
394595,2021-07-31,497702.0
394595,2021-08-31,514158.0
394595,2021-09-30,527172.0
394810,2021-06-30,86438.0
394810,2021-07-31,87007.0
394810,2021-08-31,87357.0
394810,2021-09-30,87357.0
395215,2021-06-30,194152.0
395215,2021-07-31,196696.0
395215,2021-08-31,199516.0
395215,2021-09-30,202116.0
394756,2021-06-30,228560.0
394756,2021-07-31,230827.0
394756,2021-08-31,233046.0
394756,2021-09-30,236024.0
394783,2021-06-30,223575.0
394783,2021-07-31,226804.0
394783,2021-08-31,230734.0
394783,2021-09-30,234323.0
394703,2021-06-30,306271.0
394703,2021-07-31,314936.0
394703,2021-08-31,321589.0
394703,2021-09-30,333897.0
395098,2021-06-30,186832.0
395098,2021-07-31,189866.0
395098,2021-08-31,194520.0
395098,2021-09-30,197749.0
394983,2021-06-30,290024.0
394983,2021-07-31,296493.0
394983,2021-08-31,303241.0
394983,2021-09-30,309044.0
394780,2021-06-30,106046.0
394780,2021-07-31,105754.0
394780,2021-08-31,105456.0
394780,2021-09-30,107794.0
394588,2021-06-30,162729.0
394588,2021-07-31,166619.0
394588,2021-08-31,170271.0
394588,2021-09-30,173515.0
394712,2021-06-30,150488.0
394712,2021-07-31,153502.0
394712,2021-08-31,156399.0
394712,2021-09-30,160040.0
394879,2021-06-30,186894.0
394879,2021-07-31,187446.0
394879,2021-08-31,187999.0
394879,2021-09-30,189112.0
394633,2021-06-30,215881.0
394633,2021-07-31,219403.0
394633,2021-08-31,222821.0
394633,2021-09-30,227012.0
395232,2021-06-30,285368.0
395232,2021-07-31,289756.0
395232,2021-08-31,294579.0
395232,2021-09-30,299420.0
395120,2021-06-30,134130.0
395120,2021-07-31,136075.0
395120,2021-08-31,137528.0
395120,2021-09-30,139719.0
394321,2021-06-30,127616.0
394321,2021-07-31,129282.0
394321,2021-08-31,131747.0
394321,2021-09-30,133967.0
394905,2021-06-30,177599.0
394905,2021-07-31,179865.0
394905,2021-08-31,182438.0
394905,2021-09-30,185671.0
394442,2021-06-30,106538.0
394442,2021-07-31,107005.0
394442,2021-08-31,107625.0
394442,2021-09-30,107625.0
394802,2021-06-30,108928.0
394802,2021-07-31,109167.0
394802,2021-08-31,109587.0
394802,2021-09-30,109587.0
394800,2021-06-30,359047.0
394800,2021-07-31,370942.0
394800,2021-08-31,380738.0
394800,2021-09-30,389913.0
394668,2021-06-30,246662.0
394668,2021-07-31,248389.0
394668,2021-08-31,250083.0
394668,2021-09-30,250083.0
394374,2021-06-30,85598.0
394374,2021-07-31,85968.0
394374,2021-08-31,86177.0
394374,2021-09-30,86808.0
394824,2021-06-30,134090.0
394824,2021-07-31,136121.0
394824,2021-08-31,137740.0
394824,2021-09-30,138987.0
395217,2021-06-30,94520.0
395217,2021-07-31,94976.0
395217,2021-08-31,95442.0
395217,2021-09-30,97120.0
394635,2021-06-30,155766.0
394635,2021-07-31,158363.0
394635,2021-08-31,160858.0
394635,2021-09-30,162898.0
394353,2021-06-30,236199.0
394353,2021-07-31,243956.0
394353,2021-08-31,250116.0
394353,2021-09-30,254244.0
394661,2021-06-30,170121.0
394661,2021-07-31,172138.0
394661,2021-08-31,174647.0
394661,2021-09-30,177055.0
394728,2021-06-30,147240.0
394728,2021-07-31,149283.0
394728,2021-08-31,152398.0
394728,2021-09-30,155481.0
395094,2021-06-30,205049.0
395094,2021-07-31,208969.0
395094,2021-08-31,214470.0
395094,2021-09-30,220183.0
394333,2021-06-30,121636.0
394333,2021-07-31,124627.0
394333,2021-08-31,127550.0
394333,2021-09-30,130397.0
395128,2021-06-30,221768.0
395128,2021-07-31,223581.0
395128,2021-08-31,224980.0
395128,2021-09-30,224980.0
394893,2021-06-30,113652.0
394893,2021-07-31,116477.0
394893,2021-08-31,119303.0
394893,2021-09-30,121602.0
394890,2021-06-30,482349.0
394890,2021-07-31,491791.0
394890,2021-08-31,506186.0
394890,2021-09-30,517669.0
394307,2021-06-30,342567.0
394307,2021-07-31,348647.0
394307,2021-08-31,356362.0
394307,2021-09-30,362190.0
395213,2021-06-30,160520.0
395213,2021-07-31,162923.0
395213,2021-08-31,164480.0
395213,2021-09-30,165625.0
395225,2021-06-30,178452.0
395225,2021-07-31,180457.0
395225,2021-08-31,182766.0
395225,2021-09-30,184965.0
394474,2021-06-30,202393.0
394474,2021-07-31,205566.0
394474,2021-08-31,209138.0
394474,2021-09-30,212651.0
395089,2021-06-30,185057.0
395089,2021-07-31,187569.0
395089,2021-08-31,189291.0
395089,2021-09-30,190544.0
394390,2021-06-30,289512.0
394390,2021-07-31,291912.0
394390,2021-08-31,293863.0
394390,2021-09-30,296309.0
394949,2021-06-30,148066.0
394949,2021-07-31,149570.0
394949,2021-08-31,151842.0
394949,2021-09-30,154592.0
394546,2021-06-30,201712.0
394546,2021-07-31,205845.0
394546,2021-08-31,210065.0
394546,2021-09-30,213974.0
395237,2021-06-30,197838.0
395237,2021-07-31,200239.0
395237,2021-08-31,203064.0
395237,2021-09-30,205785.0
394880,2021-06-30,178977.0
394880,2021-07-31,183565.0
394880,2021-08-31,186159.0
394880,2021-09-30,190316.0
394734,2021-06-30,163083.0
394734,2021-07-31,164989.0
394734,2021-08-31,166920.0
394734,2021-09-30,168715.0
394423,2021-06-30,219720.0
394423,2021-07-31,222636.0
394423,2021-08-31,227447.0
394423,2021-09-30,233010.0
394932,2021-06-30,94545.0
394932,2021-07-31,96859.0
394932,2021-08-31,98690.0
394932,2021-09-30,100270.0
395054,2021-06-30,171996.0
395054,2021-07-31,173980.0
395054,2021-08-31,177645.0
395054,2021-09-30,181186.0
394857,2021-06-30,179771.0
394857,2021-07-31,182888.0
394857,2021-08-31,186770.0
394857,2021-09-30,190511.0
753890,2021-06-30,244721.0
753890,2021-07-31,248893.0
753890,2021-08-31,253770.0
753890,2021-09-30,258152.0
395218,2021-06-30,423742.0
395218,2021-07-31,431098.0
395218,2021-08-31,439836.0
395218,2021-09-30,451978.0
394778,2021-06-30,244997.0
394778,2021-07-31,251180.0
394778,2021-08-31,255641.0
394778,2021-09-30,259603.0
394524,2021-06-30,97506.0
394524,2021-07-31,98667.0
394524,2021-08-31,100095.0
394524,2021-09-30,101423.0
394867,2021-06-30,461557.0
394867,2021-07-31,478481.0
394867,2021-08-31,496918.0
394867,2021-09-30,509203.0
753915,2021-06-30,116334.0
753915,2021-07-31,117309.0
753915,2021-08-31,119020.0
753915,2021-09-30,120820.0
394369,2021-06-30,129500.0
394369,2021-07-31,131486.0
394369,2021-08-31,134362.0
394369,2021-09-30,136744.0
394788,2021-06-30,240556.0
394788,2021-07-31,248703.0
394788,2021-08-31,253971.0
394788,2021-09-30,255957.0
395039,2021-06-30,269826.0
395039,2021-07-31,276511.0
395039,2021-08-31,282429.0
395039,2021-09-30,288369.0
395139,2021-06-30,144550.0
395139,2021-07-31,146698.0
395139,2021-08-31,149214.0
395139,2021-09-30,151426.0
395095,2021-06-30,299191.0
395095,2021-07-31,310455.0
395095,2021-08-31,318487.0
395095,2021-09-30,325709.0
394852,2021-06-30,100118.0
394852,2021-07-31,100180.0
394852,2021-08-31,100183.0
394852,2021-09-30,100746.0
394396,2021-06-30,84488.0
394396,2021-07-31,85015.0
394396,2021-08-31,85439.0
394396,2021-09-30,86622.0
394518,2021-06-30,110093.0
394518,2021-07-31,111026.0
394518,2021-08-31,111693.0
394518,2021-09-30,111693.0
394794,2021-06-30,141681.0
394794,2021-07-31,144169.0
394794,2021-08-31,146728.0
394794,2021-09-30,149096.0
394495,2021-06-30,194741.0
394495,2021-07-31,198857.0
394495,2021-08-31,202873.0
394495,2021-09-30,207619.0
753872,2021-06-30,347981.0
753872,2021-07-31,351087.0
753872,2021-08-31,353879.0
753872,2021-09-30,356987.0
394620,2021-06-30,126194.0
394620,2021-07-31,129261.0
394620,2021-08-31,131904.0
394620,2021-09-30,135420.0
394513,2021-06-30,108794.0
394513,2021-07-31,110085.0
394513,2021-08-31,110400.0
394513,2021-09-30,111466.0
394804,2021-06-30,352428.0
394804,2021-07-31,359113.0
394804,2021-08-31,365445.0
394804,2021-09-30,370980.0
395222,2021-06-30,281220.0
395222,2021-07-31,285226.0
395222,2021-08-31,290123.0
395222,2021-09-30,293819.0
394599,2021-06-30,168016.0
394599,2021-07-31,171069.0
394599,2021-08-31,173996.0
394599,2021-09-30,176250.0
394709,2021-06-30,242123.0
394709,2021-07-31,244801.0
394709,2021-08-31,247384.0
394709,2021-09-30,250626.0
394340,2021-06-30,125016.0
394340,2021-07-31,125932.0
394340,2021-08-31,126966.0
394340,2021-09-30,128538.0
394630,2021-06-30,246484.0
394630,2021-07-31,248822.0
394630,2021-08-31,251485.0
394630,2021-09-30,254164.0
394980,2021-06-30,68999.0
394980,2021-07-31,69373.0
394980,2021-08-31,69778.0
394980,2021-09-30,71200.0
395168,2021-06-30,186271.0
395168,2021-07-31,189631.0
395168,2021-08-31,195702.0
395168,2021-09-30,202659.0
395023,2021-06-30,193575.0
395023,2021-07-31,196789.0
395023,2021-08-31,199456.0
395023,2021-09-30,201878.0
394302,2021-06-30,184123.0
394302,2021-07-31,187335.0
394302,2021-08-31,191054.0
394302,2021-09-30,194516.0
395173,2021-06-30,303312.0
395173,2021-07-31,315459.0
395173,2021-08-31,326314.0
395173,2021-09-30,336052.0
394501,2021-06-30,124549.0
394501,2021-07-31,126114.0
394501,2021-08-31,127683.0
394501,2021-09-30,129423.0
395080,2021-06-30,174587.0
395080,2021-07-31,178886.0
395080,2021-08-31,183226.0
395080,2021-09-30,187178.0
395166,2021-06-30,614606.0
395166,2021-07-31,632246.0
395166,2021-08-31,645456.0
395166,2021-09-30,652267.0
394953,2021-06-30,119615.0
394953,2021-07-31,120422.0
394953,2021-08-31,121033.0
394953,2021-09-30,121033.0
394637,2021-06-30,219398.0
394637,2021-07-31,220472.0
394637,2021-08-31,222184.0
394637,2021-09-30,225650.0
395090,2021-06-30,174437.0
395090,2021-07-31,173616.0
395090,2021-08-31,173747.0
395090,2021-09-30,174864.0
394580,2021-06-30,253828.0
394580,2021-07-31,254993.0
394580,2021-08-31,256802.0
394580,2021-09-30,255037.0
394928,2021-06-30,505301.0
394928,2021-07-31,520345.0
394928,2021-08-31,534053.0
394928,2021-09-30,548878.0
394823,2021-06-30,237110.0
394823,2021-07-31,238909.0
394823,2021-08-31,240671.0
394823,2021-09-30,244152.0
395038,2021-06-30,154933.0
395038,2021-07-31,157709.0
395038,2021-08-31,161000.0
395038,2021-09-30,164136.0
394441,2021-06-30,174591.0
394441,2021-07-31,176681.0
394441,2021-08-31,178498.0
394441,2021-09-30,181922.0
394689,2021-06-30,186623.0
394689,2021-07-31,193039.0
394689,2021-08-31,198774.0
394689,2021-09-30,203222.0
394655,2021-06-30,129450.0
394655,2021-07-31,130396.0
394655,2021-08-31,130396.0
394655,2021-09-30,138524.0
395140,2021-06-30,120910.0
395140,2021-07-31,121941.0
395140,2021-08-31,122599.0
395140,2021-09-30,124885.0
394469,2021-06-30,109447.0
394469,2021-07-31,110217.0
394469,2021-08-31,110734.0
394469,2021-09-30,111688.0
395145,2021-06-30,117242.0
395145,2021-07-31,118298.0
395145,2021-08-31,119110.0
395145,2021-09-30,119110.0
394542,2021-06-30,202813.0
394542,2021-07-31,204256.0
394542,2021-08-31,206388.0
394542,2021-09-30,210868.0
395153,2021-06-30,304916.0
395153,2021-07-31,308831.0
395153,2021-08-31,313670.0
395153,2021-09-30,319143.0
394311,2021-06-30,157864.0
394311,2021-07-31,159279.0
394311,2021-08-31,161111.0
394311,2021-09-30,163468.0
394821,2021-06-30,212489.0
394821,2021-07-31,213481.0
394821,2021-08-31,214312.0
394821,2021-09-30,214312.0
394964,2021-06-30,123006.0
394964,2021-07-31,125940.0
394964,2021-08-31,127931.0
394964,2021-09-30,129601.0
394911,2021-06-30,147720.0
394911,2021-07-31,149689.0
394911,2021-08-31,152289.0
394911,2021-09-30,155068.0
394942,2021-06-30,100121.0
394942,2021-07-31,100232.0
394942,2021-08-31,99936.0
394942,2021-09-30,99936.0
394462,2021-06-30,312214.0
394462,2021-07-31,315770.0
394462,2021-08-31,321535.0
394462,2021-09-30,326745.0
394907,2021-06-30,123195.0
394907,2021-07-31,125615.0
394907,2021-08-31,128346.0
394907,2021-09-30,131031.0
394410,2021-06-30,240766.0
394410,2021-07-31,247022.0
394410,2021-08-31,249613.0
394410,2021-09-30,253102.0
394733,2021-06-30,499587.0
394733,2021-07-31,521597.0
394733,2021-08-31,545310.0
394733,2021-09-30,567075.0
395086,2021-06-30,321741.0
395086,2021-07-31,334326.0
395086,2021-08-31,343897.0
395086,2021-09-30,353916.0
394325,2021-06-30,223287.0
394325,2021-07-31,228055.0
394325,2021-08-31,231925.0
394325,2021-09-30,236703.0
394407,2021-06-30,584327.0
394407,2021-07-31,601996.0
394407,2021-08-31,618988.0
394407,2021-09-30,637164.0
394882,2021-06-30,271382.0
394882,2021-07-31,279918.0
394882,2021-08-31,288283.0
394882,2021-09-30,297247.0
394704,2021-06-30,136186.0
394704,2021-07-31,137045.0
394704,2021-08-31,137445.0
394704,2021-09-30,137445.0
394568,2021-06-30,115824.0
394568,2021-07-31,117331.0
394568,2021-08-31,121319.0
394568,2021-09-30,125692.0
394847,2021-06-30,117770.0
394847,2021-07-31,118735.0
394847,2021-08-31,119338.0
394847,2021-09-30,121672.0
394373,2021-06-30,200290.0
394373,2021-07-31,202885.0
394373,2021-08-31,207362.0
394373,2021-09-30,210489.0
753912,2021-06-30,290462.0
753912,2021-07-31,296773.0
753912,2021-08-31,302815.0
753912,2021-09-30,309304.0
395175,2021-06-30,467311.0
395175,2021-07-31,472197.0
395175,2021-08-31,483005.0
395175,2021-09-30,492665.0
753887,2021-06-30,248875.0
753887,2021-07-31,257309.0
753887,2021-08-31,261376.0
753887,2021-09-30,264930.0
394809,2021-06-30,134295.0
394809,2021-07-31,135313.0
394809,2021-08-31,135980.0
394809,2021-09-30,135980.0
395248,2021-06-30,141112.0
395248,2021-07-31,144544.0
395248,2021-08-31,147937.0
395248,2021-09-30,150925.0
394505,2021-06-30,426243.0
394505,2021-07-31,440038.0
394505,2021-08-31,454642.0
394505,2021-09-30,467386.0
394395,2021-06-30,182854.0
394395,2021-07-31,184271.0
394395,2021-08-31,185062.0
394395,2021-09-30,188546.0
394776,2021-06-30,107519.0
394776,2021-07-31,108236.0
394776,2021-08-31,109100.0
394776,2021-09-30,110672.0
395042,2021-06-30,128954.0
395042,2021-07-31,130838.0
395042,2021-08-31,132972.0
395042,2021-09-30,136443.0
394411,2021-06-30,185516.0
394411,2021-07-31,186635.0
394411,2021-08-31,187805.0
394411,2021-09-30,191320.0
395212,2021-06-30,260653.0
395212,2021-07-31,264875.0
395212,2021-08-31,267791.0
395212,2021-09-30,268618.0
394859,2021-06-30,181997.0
394859,2021-07-31,186751.0
394859,2021-08-31,190200.0
394859,2021-09-30,191847.0
394941,2021-06-30,128230.0
394941,2021-07-31,128624.0
394941,2021-08-31,128999.0
394941,2021-09-30,130198.0
394988,2021-06-30,259151.0
394988,2021-07-31,266252.0
394988,2021-08-31,272931.0
394988,2021-09-30,282189.0
394755,2021-06-30,137096.0
394755,2021-07-31,139311.0
394755,2021-08-31,141715.0
394755,2021-09-30,143957.0
394641,2021-06-30,375223.0
394641,2021-07-31,382457.0
394641,2021-08-31,389537.0
394641,2021-09-30,397546.0
394699,2021-06-30,188656.0
394699,2021-07-31,190022.0
394699,2021-08-31,191115.0
394699,2021-09-30,191115.0
394986,2021-06-30,158073.0
394986,2021-07-31,158943.0
394986,2021-08-31,160891.0
394986,2021-09-30,162965.0
394638,2021-06-30,174492.0
394638,2021-07-31,175292.0
394638,2021-08-31,176071.0
394638,2021-09-30,176071.0
394541,2021-06-30,111477.0
394541,2021-07-31,112646.0
394541,2021-08-31,113555.0
394541,2021-09-30,115935.0
394516,2021-06-30,71767.0
394516,2021-07-31,72023.0
394516,2021-08-31,72323.0
394516,2021-09-30,72323.0
394822,2021-06-30,147534.0
394822,2021-07-31,149147.0
394822,2021-08-31,150415.0
394822,2021-09-30,151914.0
394644,2021-06-30,237444.0
394644,2021-07-31,242379.0
394644,2021-08-31,247718.0
394644,2021-09-30,252846.0
395231,2021-06-30,152170.0
395231,2021-07-31,153357.0
395231,2021-08-31,154151.0
395231,2021-09-30,154851.0
394511,2021-06-30,157084.0
394511,2021-07-31,157676.0
394511,2021-08-31,158350.0
394511,2021-09-30,158350.0
394936,2021-06-30,90319.0
394936,2021-07-31,92847.0
394936,2021-08-31,95887.0
394936,2021-09-30,98934.0
394350,2021-06-30,149015.0
394350,2021-07-31,151400.0
394350,2021-08-31,154846.0
394350,2021-09-30,157769.0
394999,2021-06-30,91376.0
394999,2021-07-31,91712.0
394999,2021-08-31,92124.0
394999,2021-09-30,94195.0
394345,2021-06-30,212947.0
394345,2021-07-31,219615.0
394345,2021-08-31,223597.0
394345,2021-09-30,227654.0
394925,2021-06-30,529510.0
394925,2021-07-31,545558.0
394925,2021-08-31,561754.0
394925,2021-09-30,570337.0
394465,2021-06-30,141421.0
394465,2021-07-31,142331.0
394465,2021-08-31,143231.0
394465,2021-09-30,146891.0
394682,2021-06-30,153116.0
394682,2021-07-31,155210.0
394682,2021-08-31,157141.0
394682,2021-09-30,161254.0
395106,2021-06-30,120957.0
395106,2021-07-31,121971.0
395106,2021-08-31,122568.0
395106,2021-09-30,122568.0
395205,2021-06-30,212123.0
395205,2021-07-31,215569.0
395205,2021-08-31,218634.0
395205,2021-09-30,221845.0
395133,2021-06-30,162329.0
395133,2021-07-31,164155.0
395133,2021-08-31,166319.0
395133,2021-09-30,167709.0
395010,2021-06-30,128504.0
395010,2021-07-31,129068.0
395010,2021-08-31,131036.0
395010,2021-09-30,133919.0
394738,2021-06-30,261983.0
394738,2021-07-31,266792.0
394738,2021-08-31,272220.0
394738,2021-09-30,277547.0
395062,2021-06-30,167038.0
395062,2021-07-31,168280.0
395062,2021-08-31,169073.0
395062,2021-09-30,171695.0
395077,2021-06-30,136663.0
395077,2021-07-31,137948.0
395077,2021-08-31,140081.0
395077,2021-09-30,142411.0
394489,2021-06-30,200501.0
394489,2021-07-31,203732.0
394489,2021-08-31,206963.0
394489,2021-09-30,210415.0
395027,2021-06-30,80151.0
395027,2021-07-31,80635.0
395027,2021-08-31,81072.0
395027,2021-09-30,81072.0
394452,2021-06-30,235332.0
394452,2021-07-31,239577.0
394452,2021-08-31,243169.0
394452,2021-09-30,251932.0
394445,2021-06-30,238506.0
394445,2021-07-31,240164.0
394445,2021-08-31,242118.0
394445,2021-09-30,244090.0
394675,2021-06-30,365690.0
394675,2021-07-31,374369.0
394675,2021-08-31,381104.0
394675,2021-09-30,389041.0
394593,2021-06-30,171297.0
394593,2021-07-31,172182.0
394593,2021-08-31,174077.0
394593,2021-09-30,175349.0
753928,2021-06-30,140735.0
753928,2021-07-31,144374.0
753928,2021-08-31,148654.0
753928,2021-09-30,154628.0
394955,2021-06-30,160588.0
394955,2021-07-31,163659.0
394955,2021-08-31,167057.0
394955,2021-09-30,169670.0
395085,2021-06-30,205550.0
395085,2021-07-31,211146.0
395085,2021-08-31,216756.0
395085,2021-09-30,222527.0
394884,2021-06-30,142788.0
394884,2021-07-31,143308.0
394884,2021-08-31,143783.0
394884,2021-09-30,143783.0
753881,2021-06-30,646853.0
753881,2021-07-31,660422.0
753881,2021-08-31,671345.0
753881,2021-09-30,686989.0
394744,2021-06-30,712330.0
394744,2021-07-31,731057.0
394744,2021-08-31,749000.0
394744,2021-09-30,772883.0
394298,2021-06-30,270190.0
394298,2021-07-31,276752.0
394298,2021-08-31,288066.0
394298,2021-09-30,294375.0
394626,2021-06-30,182196.0
394626,2021-07-31,183988.0
394626,2021-08-31,184973.0
394626,2021-09-30,187848.0
394994,2021-06-30,392884.0
394994,2021-07-31,403594.0
394994,2021-08-31,413809.0
394994,2021-09-30,423829.0
753883,2021-06-30,265291.0
753883,2021-07-31,270907.0
753883,2021-08-31,274916.0
753883,2021-09-30,279575.0
394897,2021-06-30,87906.0
394897,2021-07-31,88262.0
394897,2021-08-31,88658.0
394897,2021-09-30,88658.0
394614,2021-06-30,169843.0
394614,2021-07-31,171300.0
394614,2021-08-31,172578.0
394614,2021-09-30,175953.0
394950,2021-06-30,144615.0
394950,2021-07-31,146866.0
394950,2021-08-31,149438.0
394950,2021-09-30,151418.0
394885,2021-06-30,154728.0
394885,2021-07-31,156246.0
394885,2021-08-31,157440.0
394885,2021-09-30,157440.0
395126,2021-06-30,161869.0
395126,2021-07-31,163868.0
395126,2021-08-31,166365.0
395126,2021-09-30,169082.0
394826,2021-06-30,96556.0
394826,2021-07-31,98402.0
394826,2021-08-31,99986.0
394826,2021-09-30,101280.0
395132,2021-06-30,198435.0
395132,2021-07-31,198946.0
395132,2021-08-31,199758.0
395132,2021-09-30,199758.0
394866,2021-06-30,237743.0
394866,2021-07-31,238155.0
394866,2021-08-31,241234.0
394866,2021-09-30,245753.0
395088,2021-06-30,108568.0
395088,2021-07-31,111016.0
395088,2021-08-31,112025.0
395088,2021-09-30,112025.0
394922,2021-06-30,154919.0
394922,2021-07-31,156000.0
394922,2021-08-31,156948.0
394922,2021-09-30,156948.0
395021,2021-06-30,109511.0
395021,2021-07-31,110246.0
395021,2021-08-31,110792.0
395021,2021-09-30,110792.0
394647,2021-06-30,143498.0
394647,2021-07-31,147253.0
394647,2021-08-31,152823.0
394647,2021-09-30,159041.0
394836,2021-06-30,88456.0
394836,2021-07-31,89146.0
394836,2021-08-31,89584.0
394836,2021-09-30,89584.0
394600,2021-06-30,160898.0
394600,2021-07-31,163909.0
394600,2021-08-31,167076.0
394600,2021-09-30,171175.0
394764,2021-06-30,192535.0
394764,2021-07-31,192066.0
394764,2021-08-31,190149.0
394764,2021-09-30,190078.0
394736,2021-06-30,681703.0
394736,2021-07-31,691987.0
394736,2021-08-31,714354.0
394736,2021-09-30,723350.0
394829,2021-06-30,176532.0
394829,2021-07-31,178012.0
394829,2021-08-31,178973.0
394829,2021-09-30,178973.0
394762,2021-06-30,149596.0
394762,2021-07-31,152299.0
394762,2021-08-31,155449.0
394762,2021-09-30,155449.0
394827,2021-06-30,113784.0
394827,2021-07-31,114565.0
394827,2021-08-31,115378.0
394827,2021-09-30,118341.0
394877,2021-06-30,325299.0
394877,2021-07-31,335038.0
394877,2021-08-31,344266.0
394877,2021-09-30,354171.0
394752,2021-06-30,244584.0
394752,2021-07-31,251260.0
394752,2021-08-31,257380.0
394752,2021-09-30,263478.0
394825,2021-06-30,120442.0
394825,2021-07-31,121005.0
394825,2021-08-31,121505.0
394825,2021-09-30,121505.0
395040,2021-06-30,122633.0
395040,2021-07-31,123770.0
395040,2021-08-31,124535.0
395040,2021-09-30,126401.0
394832,2021-06-30,149459.0
394832,2021-07-31,150324.0
394832,2021-08-31,150987.0
394832,2021-09-30,150987.0
394587,2021-06-30,146194.0
394587,2021-07-31,147407.0
394587,2021-08-31,148759.0
394587,2021-09-30,150663.0
394456,2021-06-30,92476.0
394456,2021-07-31,94763.0
394456,2021-08-31,96913.0
394456,2021-09-30,97607.0
394343,2021-06-30,153789.0
394343,2021-07-31,153402.0
394343,2021-08-31,152869.0
394343,2021-09-30,154942.0
394683,2021-06-30,189361.0
394683,2021-07-31,190792.0
394683,2021-08-31,190762.0
394683,2021-09-30,192763.0
394472,2021-06-30,303703.0
394472,2021-07-31,310064.0
394472,2021-08-31,318003.0
394472,2021-09-30,323586.0
394899,2021-06-30,159688.0
394899,2021-07-31,160373.0
394899,2021-08-31,160543.0
394899,2021-09-30,160543.0
394701,2021-06-30,110483.0
394701,2021-07-31,111205.0
394701,2021-08-31,111551.0
394701,2021-09-30,113481.0
394586,2021-06-30,293262.0
394586,2021-07-31,300735.0
394586,2021-08-31,306365.0
394586,2021-09-30,308113.0
394562,2021-06-30,190931.0
394562,2021-07-31,192439.0
394562,2021-08-31,193748.0
394562,2021-09-30,193748.0
753891,2021-06-30,184371.0
753891,2021-07-31,189948.0
753891,2021-08-31,193905.0
753891,2021-09-30,197524.0
394305,2021-06-30,148402.0
394305,2021-07-31,149922.0
394305,2021-08-31,151164.0
394305,2021-09-30,153557.0
395016,2021-06-30,286452.0
395016,2021-07-31,298075.0
395016,2021-08-31,304611.0
395016,2021-09-30,310413.0
394693,2021-06-30,326084.0
394693,2021-07-31,340428.0
394693,2021-08-31,346781.0
394693,2021-09-30,344878.0
395105,2021-06-30,158665.0
395105,2021-07-31,159768.0
395105,2021-08-31,160592.0
395105,2021-09-30,164169.0
394496,2021-06-30,280191.0
394496,2021-07-31,287708.0
394496,2021-08-31,296478.0
394496,2021-09-30,304443.0
395199,2021-06-30,313584.0
395199,2021-07-31,320559.0
395199,2021-08-31,332116.0
395199,2021-09-30,343489.0
395071,2021-06-30,160527.0
395071,2021-07-31,161262.0
395071,2021-08-31,162199.0
395071,2021-09-30,165535.0
394939,2021-06-30,165292.0
394939,2021-07-31,166563.0
394939,2021-08-31,167391.0
394939,2021-09-30,169516.0
394605,2021-06-30,94798.0
394605,2021-07-31,94920.0
394605,2021-08-31,95225.0
394605,2021-09-30,95225.0
394360,2021-06-30,223955.0
394360,2021-07-31,225168.0
394360,2021-08-31,229108.0
394360,2021-09-30,233987.0
753903,2021-06-30,147190.0
753903,2021-07-31,147685.0
753903,2021-08-31,148241.0
753903,2021-09-30,148241.0
395049,2021-06-30,141538.0
395049,2021-07-31,142135.0
395049,2021-08-31,142574.0
395049,2021-09-30,142574.0
395044,2021-06-30,216165.0
395044,2021-07-31,222004.0
395044,2021-08-31,227213.0
395044,2021-09-30,232866.0
753866,2021-06-30,78558.0
753866,2021-07-31,78826.0
753866,2021-08-31,79027.0
753866,2021-09-30,80309.0
395136,2021-06-30,154552.0
395136,2021-07-31,157066.0
395136,2021-08-31,159223.0
395136,2021-09-30,161188.0
395024,2021-06-30,73944.0
395024,2021-07-31,74380.0
395024,2021-08-31,74659.0
395024,2021-09-30,74659.0
394618,2021-06-30,133883.0
394618,2021-07-31,134481.0
394618,2021-08-31,135035.0
394618,2021-09-30,135035.0
394889,2021-06-30,177884.0
394889,2021-07-31,178328.0
394889,2021-08-31,178778.0
394889,2021-09-30,178778.0
394787,2021-06-30,280444.0
394787,2021-07-31,284606.0
394787,2021-08-31,286546.0
394787,2021-09-30,286546.0
395092,2021-06-30,396069.0
395092,2021-07-31,409665.0
395092,2021-08-31,425135.0
395092,2021-09-30,439898.0
394309,2021-06-30,210386.0
394309,2021-07-31,212309.0
394309,2021-08-31,213785.0
394309,2021-09-30,214942.0
394570,2021-06-30,94106.0
394570,2021-07-31,94985.0
394570,2021-08-31,95885.0
394570,2021-09-30,97025.0
753893,2021-06-30,289575.0
753893,2021-07-31,298921.0
753893,2021-08-31,308115.0
753893,2021-09-30,316433.0
394629,2021-06-30,278386.0
394629,2021-07-31,283357.0
394629,2021-08-31,290173.0
394629,2021-09-30,297174.0
394759,2021-06-30,342831.0
394759,2021-07-31,350846.0
394759,2021-08-31,363845.0
394759,2021-09-30,372184.0
394365,2021-06-30,152907.0
394365,2021-07-31,155918.0
394365,2021-08-31,158253.0
394365,2021-09-30,159914.0
753910,2021-06-30,200337.0
753910,2021-07-31,205019.0
753910,2021-08-31,211444.0
753910,2021-09-30,217636.0
394490,2021-06-30,129608.0
394490,2021-07-31,130044.0
394490,2021-08-31,130542.0
394490,2021-09-30,131924.0
394923,2021-06-30,135912.0
394923,2021-07-31,136383.0
394923,2021-08-31,137148.0
394923,2021-09-30,137148.0
394362,2021-06-30,284030.0
394362,2021-07-31,286710.0
394362,2021-08-31,287647.0
394362,2021-09-30,292726.0
394750,2021-06-30,99989.0
394750,2021-07-31,100762.0
394750,2021-08-31,101380.0
394750,2021-09-30,101380.0
395131,2021-06-30,105532.0
395131,2021-07-31,105907.0
395131,2021-08-31,106132.0
395131,2021-09-30,106132.0
394956,2021-06-30,117770.0
394956,2021-07-31,118509.0
394956,2021-08-31,119070.0
394956,2021-09-30,119070.0
394540,2021-06-30,114306.0
394540,2021-07-31,115340.0
394540,2021-08-31,115537.0
394540,2021-09-30,115537.0
395189,2021-06-30,135679.0
395189,2021-07-31,136263.0
395189,2021-08-31,136876.0
395189,2021-09-30,138422.0
394989,2021-06-30,102875.0
394989,2021-07-31,103438.0
394989,2021-08-31,103847.0
394989,2021-09-30,105497.0
395063,2021-06-30,219935.0
395063,2021-07-31,219935.0
395063,2021-08-31,219935.0
395063,2021-09-30,190400.0
394591,2021-06-30,259871.0
394591,2021-07-31,261719.0
394591,2021-08-31,263489.0
394591,2021-09-30,263489.0
395157,2021-06-30,121025.0
395157,2021-07-31,121685.0
395157,2021-08-31,122344.0
395157,2021-09-30,122344.0
394582,2021-06-30,118215.0
394582,2021-07-31,118787.0
394582,2021-08-31,119197.0
394582,2021-09-30,120098.0
394509,2021-06-30,213685.0
394509,2021-07-31,218396.0
394509,2021-08-31,224776.0
394509,2021-09-30,231514.0
394977,2021-06-30,154033.0
394977,2021-07-31,154896.0
394977,2021-08-31,155994.0
394977,2021-09-30,158403.0
394634,2021-06-30,141270.0
394634,2021-07-31,142525.0
394634,2021-08-31,144461.0
394634,2021-09-30,147087.0
753920,2021-06-30,347817.0
753920,2021-07-31,361644.0
753920,2021-08-31,371350.0
753920,2021-09-30,380112.0
394621,2021-06-30,94948.0
394621,2021-07-31,95809.0
394621,2021-08-31,95597.0
394621,2021-09-30,96939.0
394444,2021-06-30,417290.0
394444,2021-07-31,429891.0
394444,2021-08-31,437673.0
394444,2021-09-30,449100.0
394432,2021-06-30,160881.0
394432,2021-07-31,162343.0
394432,2021-08-31,163376.0
394432,2021-09-30,163376.0
394861,2021-06-30,145152.0
394861,2021-07-31,146597.0
394861,2021-08-31,147465.0
394861,2021-09-30,147465.0
395216,2021-06-30,105877.0
395216,2021-07-31,106959.0
395216,2021-08-31,107616.0
395216,2021-09-30,107616.0
394933,2021-06-30,93163.0
394933,2021-07-31,93959.0
394933,2021-08-31,94477.0
394933,2021-09-30,96031.0
394721,2021-06-30,168427.0
394721,2021-07-31,169641.0
394721,2021-08-31,170441.0
394721,2021-09-30,170441.0
394878,2021-06-30,126253.0
394878,2021-07-31,125939.0
394878,2021-08-31,126394.0
394878,2021-09-30,127664.0
394551,2021-06-30,149676.0
394551,2021-07-31,150681.0
394551,2021-08-31,151397.0
394551,2021-09-30,151397.0
394940,2021-06-30,220931.0
394940,2021-07-31,225212.0
394940,2021-08-31,227579.0
394940,2021-09-30,227579.0
394967,2021-06-30,283128.0
394967,2021-07-31,289831.0
394967,2021-08-31,299298.0
394967,2021-09-30,307760.0
394844,2021-06-30,116690.0
394844,2021-07-31,116657.0
394844,2021-08-31,117026.0
394844,2021-09-30,117722.0
395029,2021-06-30,146059.0
395029,2021-07-31,150405.0
395029,2021-08-31,152701.0
395029,2021-09-30,155349.0
395073,2021-06-30,118314.0
395073,2021-07-31,119826.0
395073,2021-08-31,120239.0
395073,2021-09-30,122618.0
394517,2021-06-30,129646.0
394517,2021-07-31,130559.0
394517,2021-08-31,131366.0
394517,2021-09-30,131366.0
394339,2021-06-30,158645.0
394339,2021-07-31,159454.0
394339,2021-08-31,159486.0
394339,2021-09-30,159486.0
394903,2021-06-30,101239.0
394903,2021-07-31,101504.0
394903,2021-08-31,102287.0
394903,2021-09-30,103303.0
394652,2021-06-30,154412.0
394652,2021-07-31,155181.0
394652,2021-08-31,155997.0
394652,2021-09-30,159825.0
394625,2021-06-30,81296.0
394625,2021-07-31,81590.0
394625,2021-08-31,81859.0
394625,2021-09-30,81859.0
395204,2021-06-30,196300.0
395204,2021-07-31,199553.0
395204,2021-08-31,202346.0
395204,2021-09-30,205551.0
394737,2021-06-30,219101.0
394737,2021-07-31,220219.0
394737,2021-08-31,221446.0
394737,2021-09-30,221446.0
394608,2021-06-30,150541.0
394608,2021-07-31,150705.0
394608,2021-08-31,151240.0
394608,2021-09-30,153150.0
394604,2021-06-30,161547.0
394604,2021-07-31,162433.0
394604,2021-08-31,163194.0
394604,2021-09-30,167253.0
394632,2021-06-30,129643.0
394632,2021-07-31,130421.0
394632,2021-08-31,131040.0
394632,2021-09-30,133903.0
394344,2021-06-30,153687.0
394344,2021-07-31,155849.0
394344,2021-08-31,158793.0
394344,2021-09-30,160301.0
394556,2021-06-30,849578.0
394556,2021-07-31,880180.0
394556,2021-08-31,914993.0
394556,2021-09-30,945108.0
394592,2021-06-30,353781.0
394592,2021-07-31,362189.0
394592,2021-08-31,369774.0
394592,2021-09-30,378163.0
394838,2021-06-30,126875.0
394838,2021-07-31,127184.0
394838,2021-08-31,127864.0
394838,2021-09-30,127864.0
394819,2021-06-30,122956.0
394819,2021-07-31,123533.0
394819,2021-08-31,124243.0
394819,2021-09-30,125937.0
395234,2021-06-30,202973.0
395234,2021-07-31,205359.0
395234,2021-08-31,208369.0
395234,2021-09-30,213392.0
394547,2021-06-30,514491.0
394547,2021-07-31,525775.0
394547,2021-08-31,536939.0
394547,2021-09-30,551180.0
394985,2021-06-30,147693.0
394985,2021-07-31,148028.0
394985,2021-08-31,148589.0
394985,2021-09-30,148589.0
394402,2021-06-30,365221.0
394402,2021-07-31,375173.0
394402,2021-08-31,383934.0
394402,2021-09-30,394690.0
394363,2021-06-30,116455.0
394363,2021-07-31,118119.0
394363,2021-08-31,119578.0
394363,2021-09-30,121724.0
394717,2021-06-30,137967.0
394717,2021-07-31,139233.0
394717,2021-08-31,140147.0
394717,2021-09-30,140147.0
394566,2021-06-30,303668.0
394566,2021-07-31,306546.0
394566,2021-08-31,307603.0
394566,2021-09-30,315218.0
395020,2021-06-30,345352.0
395020,2021-07-31,352284.0
395020,2021-08-31,355455.0
395020,2021-09-30,358399.0
395122,2021-06-30,203585.0
395122,2021-07-31,206855.0
395122,2021-08-31,209710.0
395122,2021-09-30,213009.0
753911,2021-06-30,105012.0
753911,2021-07-31,105529.0
753911,2021-08-31,105843.0
753911,2021-09-30,105843.0
394326,2021-06-30,129709.0
394326,2021-07-31,130960.0
394326,2021-08-31,131881.0
394326,2021-09-30,133850.0
394571,2021-06-30,145701.0
394571,2021-07-31,148195.0
394571,2021-08-31,150198.0
394571,2021-09-30,152519.0
394963,2021-06-30,123378.0
394963,2021-07-31,125700.0
394963,2021-08-31,126639.0
394963,2021-09-30,130313.0
394742,2021-06-30,290802.0
394742,2021-07-31,295086.0
394742,2021-08-31,296609.0
394742,2021-09-30,302145.0
394906,2021-06-30,108542.0
394906,2021-07-31,109179.0
394906,2021-08-31,109658.0
394906,2021-09-30,109658.0
395097,2021-06-30,171668.0
395097,2021-07-31,172478.0
395097,2021-08-31,173234.0
395097,2021-09-30,173234.0
394504,2021-06-30,142322.0
394504,2021-07-31,143059.0
394504,2021-08-31,143803.0
394504,2021-09-30,145712.0
394477,2021-06-30,137024.0
394477,2021-07-31,140033.0
394477,2021-08-31,140317.0
394477,2021-09-30,143383.0
394527,2021-06-30,134896.0
394527,2021-07-31,135874.0
394527,2021-08-31,136532.0
394527,2021-09-30,136532.0
394478,2021-06-30,167164.0
394478,2021-07-31,168771.0
394478,2021-08-31,169531.0
394478,2021-09-30,171985.0
394919,2021-06-30,165283.0
394919,2021-07-31,166121.0
394919,2021-08-31,166997.0
394919,2021-09-30,166997.0
395208,2021-06-30,154099.0
395208,2021-07-31,155232.0
395208,2021-08-31,156186.0
395208,2021-09-30,156186.0
394503,2021-06-30,121295.0
394503,2021-07-31,121956.0
394503,2021-08-31,122634.0
394503,2021-09-30,122634.0
394616,2021-06-30,97767.0
394616,2021-07-31,98222.0
394616,2021-08-31,98838.0
394616,2021-09-30,98838.0
395124,2021-06-30,183331.0
395124,2021-07-31,184130.0
395124,2021-08-31,184817.0
395124,2021-09-30,186584.0
394427,2021-06-30,105141.0
394427,2021-07-31,105036.0
394427,2021-08-31,105458.0
394427,2021-09-30,105458.0
394431,2021-06-30,135158.0
394431,2021-07-31,136629.0
394431,2021-08-31,137673.0
394431,2021-09-30,137673.0
394336,2021-06-30,100425.0
394336,2021-07-31,100570.0
394336,2021-08-31,100412.0
394336,2021-09-30,101598.0
394739,2021-06-30,157218.0
394739,2021-07-31,158293.0
394739,2021-08-31,159036.0
394739,2021-09-30,159036.0
394918,2021-06-30,190760.0
394918,2021-07-31,194011.0
394918,2021-08-31,195525.0
394918,2021-09-30,195525.0
394951,2021-06-30,204731.0
394951,2021-07-31,205460.0
394951,2021-08-31,206076.0
394951,2021-09-30,208267.0
394398,2021-06-30,112103.0
394398,2021-07-31,111711.0
394398,2021-08-31,112305.0
394398,2021-09-30,113829.0
394987,2021-06-30,171337.0
394987,2021-07-31,172682.0
394987,2021-08-31,173522.0
394987,2021-09-30,173522.0
394628,2021-06-30,588022.0
394628,2021-07-31,610581.0
394628,2021-08-31,631008.0
394628,2021-09-30,647953.0
395144,2021-06-30,121925.0
395144,2021-07-31,122953.0
395144,2021-08-31,123816.0
395144,2021-09-30,126651.0
394817,2021-06-30,95888.0
394817,2021-07-31,96483.0
394817,2021-08-31,96991.0
394817,2021-09-30,99296.0
394437,2021-06-30,270188.0
394437,2021-07-31,276688.0
394437,2021-08-31,282821.0
394437,2021-09-30,289588.0
395043,2021-06-30,164554.0
395043,2021-07-31,165165.0
395043,2021-08-31,166012.0
395043,2021-09-30,168272.0
753889,2021-06-30,154314.0
753889,2021-07-31,155632.0
753889,2021-08-31,156315.0
753889,2021-09-30,156315.0
394789,2021-06-30,113811.0
394789,2021-07-31,114881.0
394789,2021-08-31,115551.0
394789,2021-09-30,117797.0
395034,2021-06-30,81953.0
395034,2021-07-31,82120.0
395034,2021-08-31,82228.0
395034,2021-09-30,82228.0
394990,2021-06-30,68827.0
394990,2021-07-31,69336.0
394990,2021-08-31,69717.0
394990,2021-09-30,71025.0
394397,2021-06-30,90397.0
394397,2021-07-31,91441.0
394397,2021-08-31,92448.0
394397,2021-09-30,94721.0
395017,2021-06-30,277990.0
395017,2021-07-31,284961.0
395017,2021-08-31,288429.0
395017,2021-09-30,290036.0
753918,2021-06-30,171071.0
753918,2021-07-31,172038.0
753918,2021-08-31,173103.0
753918,2021-09-30,173103.0
394446,2021-06-30,321744.0
394446,2021-07-31,327200.0
394446,2021-08-31,330607.0
394446,2021-09-30,334242.0
394375,2021-06-30,128631.0
394375,2021-07-31,129862.0
394375,2021-08-31,130762.0
394375,2021-09-30,130762.0
394631,2021-06-30,277616.0
394631,2021-07-31,277573.0
394631,2021-08-31,277400.0
394631,2021-09-30,277400.0
753905,2021-06-30,385358.0
753905,2021-07-31,395677.0
753905,2021-08-31,407849.0
753905,2021-09-30,422915.0
395201,2021-06-30,166416.0
395201,2021-07-31,167297.0
395201,2021-08-31,168074.0
395201,2021-09-30,168074.0
394695,2021-06-30,141728.0
394695,2021-07-31,142832.0
394695,2021-08-31,143762.0
394695,2021-09-30,146654.0
394377,2021-06-30,163618.0
394377,2021-07-31,163557.0
394377,2021-08-31,163607.0
394377,2021-09-30,163607.0
394842,2021-06-30,93998.0
394842,2021-07-31,94070.0
394842,2021-08-31,94616.0
394842,2021-09-30,96266.0
394391,2021-06-30,287514.0
394391,2021-07-31,293414.0
394391,2021-08-31,295905.0
394391,2021-09-30,298103.0
394883,2021-06-30,101125.0
394883,2021-07-31,102372.0
394883,2021-08-31,103006.0
394883,2021-09-30,103006.0
394677,2021-06-30,96246.0
394677,2021-07-31,97408.0
394677,2021-08-31,98262.0
394677,2021-09-30,98262.0
394482,2021-06-30,135335.0
394482,2021-07-31,136558.0
394482,2021-08-31,137405.0
394482,2021-09-30,137405.0
394667,2021-06-30,133916.0
394667,2021-07-31,134645.0
394667,2021-08-31,135408.0
394667,2021-09-30,138244.0
395037,2021-06-30,156492.0
395037,2021-07-31,157699.0
395037,2021-08-31,158789.0
395037,2021-09-30,158789.0
395091,2021-06-30,208080.0
395091,2021-07-31,212310.0
395091,2021-08-31,215995.0
395091,2021-09-30,222138.0
394545,2021-06-30,90627.0
394545,2021-07-31,91539.0
394545,2021-08-31,92245.0
394545,2021-09-30,94229.0
753904,2021-06-30,166267.0
753904,2021-07-31,167265.0
753904,2021-08-31,168509.0
753904,2021-09-30,173192.0
394785,2021-06-30,200776.0
394785,2021-07-31,202221.0
394785,2021-08-31,203144.0
394785,2021-09-30,206682.0
395008,2021-06-30,339968.0
395008,2021-07-31,343029.0
395008,2021-08-31,344970.0
395008,2021-09-30,346896.0
395155,2021-06-30,152990.0
395155,2021-07-31,154323.0
395155,2021-08-31,155086.0
395155,2021-09-30,155086.0
394379,2021-06-30,195367.0
394379,2021-07-31,196290.0
394379,2021-08-31,197084.0
394379,2021-09-30,197084.0
394887,2021-06-30,120500.0
394887,2021-07-31,121247.0
394887,2021-08-31,121968.0
394887,2021-09-30,121968.0
394947,2021-06-30,90617.0
394947,2021-07-31,90795.0
394947,2021-08-31,91191.0
394947,2021-09-30,91191.0
394954,2021-06-30,281011.0
394954,2021-07-31,288230.0
394954,2021-08-31,299855.0
394954,2021-09-30,310491.0
394850,2021-06-30,189469.0
394850,2021-07-31,190518.0
394850,2021-08-31,191695.0
394850,2021-09-30,191695.0
395083,2021-06-30,60167.0
395083,2021-07-31,60385.0
395083,2021-08-31,60646.0
395083,2021-09-30,61910.0
395032,2021-06-30,249153.0
395032,2021-07-31,250104.0
395032,2021-08-31,250928.0
395032,2021-09-30,250928.0
394424,2021-06-30,94304.0
394424,2021-07-31,95107.0
394424,2021-08-31,95899.0
394424,2021-09-30,98547.0
394409,2021-06-30,70811.0
394409,2021-07-31,71287.0
394409,2021-08-31,71756.0
394409,2021-09-30,73271.0
753865,2021-06-30,193756.0
753865,2021-07-31,196868.0
753865,2021-08-31,199974.0
753865,2021-09-30,202434.0
394500,2021-06-30,181513.0
394500,2021-07-31,183596.0
394500,2021-08-31,185000.0
394500,2021-09-30,185000.0
394426,2021-06-30,240213.0
394426,2021-07-31,244721.0
394426,2021-08-31,246643.0
394426,2021-09-30,248269.0
394654,2021-06-30,94042.0
394654,2021-07-31,93795.0
394654,2021-08-31,93693.0
394654,2021-09-30,93952.0
394384,2021-06-30,147024.0
394384,2021-07-31,148255.0
394384,2021-08-31,149374.0
394384,2021-09-30,149374.0
394993,2021-06-30,118815.0
394993,2021-07-31,119174.0
394993,2021-08-31,119578.0
394993,2021-09-30,119578.0
394895,2021-06-30,145355.0
394895,2021-07-31,145418.0
394895,2021-08-31,145701.0
394895,2021-09-30,145701.0
394319,2021-06-30,104584.0
394319,2021-07-31,105489.0
394319,2021-08-31,106194.0
394319,2021-09-30,106194.0
394548,2021-06-30,128058.0
394548,2021-07-31,128176.0
394548,2021-08-31,128119.0
394548,2021-09-30,128119.0
395087,2021-06-30,156170.0
395087,2021-07-31,156281.0
395087,2021-08-31,156308.0
395087,2021-09-30,156308.0
394538,2021-06-30,117828.0
394538,2021-07-31,118954.0
394538,2021-08-31,119734.0
394538,2021-09-30,119734.0
395228,2021-06-30,198102.0
395228,2021-07-31,198879.0
395228,2021-08-31,199819.0
395228,2021-09-30,199819.0
394349,2021-06-30,169833.0
394349,2021-07-31,172420.0
394349,2021-08-31,175809.0
394349,2021-09-30,178814.0
395081,2021-06-30,114894.0
395081,2021-07-31,115551.0
395081,2021-08-31,116705.0
395081,2021-09-30,119646.0
394961,2021-06-30,122659.0
394961,2021-07-31,123333.0
394961,2021-08-31,123870.0
394961,2021-09-30,126357.0
395230,2021-06-30,154212.0
395230,2021-07-31,155424.0
395230,2021-08-31,156652.0
395230,2021-09-30,156652.0
394779,2021-06-30,135655.0
394779,2021-07-31,139782.0
394779,2021-08-31,140512.0
394779,2021-09-30,140323.0
395203,2021-06-30,97016.0
395203,2021-07-31,97878.0
395203,2021-08-31,98615.0
395203,2021-09-30,100514.0
394560,2021-06-30,85927.0
394560,2021-07-31,86263.0
394560,2021-08-31,86576.0
394560,2021-09-30,86576.0
394891,2021-06-30,147704.0
394891,2021-07-31,147309.0
394891,2021-08-31,148301.0
394891,2021-09-30,151560.0
394448,2021-06-30,121347.0
394448,2021-07-31,122734.0
394448,2021-08-31,123741.0
394448,2021-09-30,123741.0
753913,2021-06-30,194551.0
753913,2021-07-31,194972.0
753913,2021-08-31,196057.0
753913,2021-09-30,196057.0
394558,2021-06-30,158356.0
394558,2021-07-31,159661.0
394558,2021-08-31,160477.0
394558,2021-09-30,160477.0
394876,2021-06-30,319738.0
394876,2021-07-31,328044.0
394876,2021-08-31,336490.0
394876,2021-09-30,343754.0
394567,2021-06-30,427928.0
394567,2021-07-31,439059.0
394567,2021-08-31,446301.0
394567,2021-09-30,457612.0
394715,2021-06-30,92611.0
394715,2021-07-31,92768.0
394715,2021-08-31,92990.0
394715,2021-09-30,92990.0
753916,2021-06-30,468055.0
753916,2021-07-31,477500.0
753916,2021-08-31,482295.0
753916,2021-09-30,487505.0
394316,2021-06-30,102487.0
394316,2021-07-31,101259.0
394316,2021-08-31,101450.0
394316,2021-09-30,103840.0
394449,2021-06-30,180388.0
394449,2021-07-31,180998.0
394449,2021-08-31,181604.0
394449,2021-09-30,181604.0
394627,2021-06-30,180500.0
394627,2021-07-31,181447.0
394627,2021-08-31,182181.0
394627,2021-09-30,182181.0
394833,2021-06-30,115562.0
394833,2021-07-31,115633.0
394833,2021-08-31,116212.0
394833,2021-09-30,116212.0
394297,2021-06-30,181329.0
394297,2021-07-31,181595.0
394297,2021-08-31,182057.0
394297,2021-09-30,182057.0
395219,2021-06-30,135441.0
395219,2021-07-31,136343.0
395219,2021-08-31,136876.0
395219,2021-09-30,136876.0
753877,2021-06-30,297264.0
753877,2021-07-31,303146.0
753877,2021-08-31,309801.0
753877,2021-09-30,317935.0
394574,2021-06-30,191916.0
394574,2021-07-31,193995.0
394574,2021-08-31,195409.0
394574,2021-09-30,198812.0
395026,2021-06-30,234191.0
395026,2021-07-31,235694.0
395026,2021-08-31,236892.0
395026,2021-09-30,236892.0
395158,2021-06-30,146729.0
395158,2021-07-31,148024.0
395158,2021-08-31,148644.0
395158,2021-09-30,148644.0
395178,2021-06-30,159456.0
395178,2021-07-31,160348.0
395178,2021-08-31,161149.0
395178,2021-09-30,161149.0
394434,2021-06-30,119364.0
394434,2021-07-31,120033.0
394434,2021-08-31,120581.0
394434,2021-09-30,120581.0
394934,2021-06-30,179550.0
394934,2021-07-31,169399.0
394934,2021-08-31,163543.0
394934,2021-09-30,166830.0
394845,2021-06-30,141738.0
394845,2021-07-31,143673.0
394845,2021-08-31,144651.0
394845,2021-09-30,145855.0
395082,2021-06-30,185304.0
395082,2021-07-31,187039.0
395082,2021-08-31,188021.0
395082,2021-09-30,191437.0
394904,2021-06-30,177587.0
394904,2021-07-31,177761.0
394904,2021-08-31,178003.0
394904,2021-09-30,179813.0
394383,2021-06-30,142250.0
394383,2021-07-31,143957.0
394383,2021-08-31,145172.0
394383,2021-09-30,148686.0
394799,2021-06-30,155891.0
394799,2021-07-31,157011.0
394799,2021-08-31,157750.0
394799,2021-09-30,160592.0
395099,2021-06-30,114674.0
395099,2021-07-31,115478.0
395099,2021-08-31,116008.0
395099,2021-09-30,116008.0
394354,2021-06-30,154188.0
394354,2021-07-31,155782.0
394354,2021-08-31,158322.0
394354,2021-09-30,160140.0
394476,2021-06-30,152427.0
394476,2021-07-31,154265.0
394476,2021-08-31,155390.0
394476,2021-09-30,155390.0
394981,2021-06-30,88694.0
394981,2021-07-31,89160.0
394981,2021-08-31,89578.0
394981,2021-09-30,89578.0
394526,2021-06-30,136153.0
394526,2021-07-31,136919.0
394526,2021-08-31,137836.0
394526,2021-09-30,137836.0
395072,2021-06-30,146910.0
395072,2021-07-31,147577.0
395072,2021-08-31,148186.0
395072,2021-09-30,148186.0
394801,2021-06-30,96531.0
394801,2021-07-31,97384.0
394801,2021-08-31,98120.0
394801,2021-09-30,98120.0
394992,2021-06-30,103600.0
394992,2021-07-31,103922.0
394992,2021-08-31,104302.0
394992,2021-09-30,104302.0
394663,2021-06-30,132342.0
394663,2021-07-31,133233.0
394663,2021-08-31,133853.0
394663,2021-09-30,133853.0
394888,2021-06-30,104913.0
394888,2021-07-31,105572.0
394888,2021-08-31,106117.0
394888,2021-09-30,108341.0
394690,2021-06-30,135163.0
394690,2021-07-31,136375.0
394690,2021-08-31,137326.0
394690,2021-09-30,137326.0
395176,2021-06-30,89171.0
395176,2021-07-31,89894.0
395176,2021-08-31,90473.0
395176,2021-09-30,90473.0
395069,2021-06-30,131333.0
395069,2021-07-31,132039.0
395069,2021-08-31,133017.0
395069,2021-09-30,136936.0
395192,2021-06-30,100270.0
395192,2021-07-31,101097.0
395192,2021-08-31,101669.0
395192,2021-09-30,101669.0
394624,2021-06-30,197047.0
394624,2021-07-31,199291.0
394624,2021-08-31,200917.0
394624,2021-09-30,200917.0
394550,2021-06-30,107619.0
394550,2021-07-31,108725.0
394550,2021-08-31,108956.0
394550,2021-09-30,108956.0
394745,2021-06-30,397954.0
394745,2021-07-31,409692.0
394745,2021-08-31,425360.0
394745,2021-09-30,442378.0
394507,2021-06-30,146829.0
394507,2021-07-31,147677.0
394507,2021-08-31,148490.0
394507,2021-09-30,148490.0
394422,2021-06-30,122342.0
394422,2021-07-31,123477.0
394422,2021-08-31,124326.0
394422,2021-09-30,124326.0
395129,2021-06-30,185434.0
395129,2021-07-31,187303.0
395129,2021-08-31,188442.0
395129,2021-09-30,188442.0
394324,2021-06-30,92105.0
394324,2021-07-31,92881.0
394324,2021-08-31,93293.0
394324,2021-09-30,93293.0
394554,2021-06-30,378039.0
394554,2021-07-31,383818.0
394554,2021-08-31,389810.0
394554,2021-09-30,397954.0
394920,2021-06-30,156290.0
394920,2021-07-31,156850.0
394920,2021-08-31,157492.0
394920,2021-09-30,157492.0
394914,2021-06-30,147963.0
394914,2021-07-31,148864.0
394914,2021-08-31,149430.0
394914,2021-09-30,149430.0
394300,2021-06-30,110650.0
394300,2021-07-31,110810.0
394300,2021-08-31,111536.0
394300,2021-09-30,114021.0
394881,2021-06-30,392077.0
394881,2021-07-31,399491.0
394881,2021-08-31,402871.0
394881,2021-09-30,404810.0
395046,2021-06-30,208643.0
395046,2021-07-31,211943.0
395046,2021-08-31,213118.0
395046,2021-09-30,213118.0
394894,2021-06-30,143036.0
394894,2021-07-31,143905.0
394894,2021-08-31,144565.0
394894,2021-09-30,147857.0
394382,2021-06-30,256873.0
394382,2021-07-31,259802.0
394382,2021-08-31,261888.0
394382,2021-09-30,265842.0
394696,2021-06-30,131141.0
394696,2021-07-31,132240.0
394696,2021-08-31,133018.0
394696,2021-09-30,133018.0
394840,2021-06-30,102317.0
394840,2021-07-31,103065.0
394840,2021-08-31,103744.0
394840,2021-09-30,106451.0
394573,2021-06-30,106981.0
394573,2021-07-31,107539.0
394573,2021-08-31,108046.0
394573,2021-09-30,108046.0
394438,2021-06-30,76819.0
394438,2021-07-31,77106.0
394438,2021-08-31,77319.0
394438,2021-09-30,77319.0
394499,2021-06-30,108263.0
394499,2021-07-31,108680.0
394499,2021-08-31,109181.0
394499,2021-09-30,110558.0
394341,2021-06-30,435302.0
394341,2021-07-31,436718.0
394341,2021-08-31,439454.0
394341,2021-09-30,445883.0
394973,2021-06-30,96385.0
394973,2021-07-31,97155.0
394973,2021-08-31,97757.0
394973,2021-09-30,97757.0
394506,2021-06-30,126138.0
394506,2021-07-31,126855.0
394506,2021-08-31,127480.0
394506,2021-09-30,127480.0
394916,2021-06-30,136760.0
394916,2021-07-31,136919.0
394916,2021-08-31,137521.0
394916,2021-09-30,137521.0
753898,2021-06-30,72384.0
753898,2021-07-31,73011.0
753898,2021-08-31,73490.0
753898,2021-09-30,74626.0
394370,2021-06-30,165008.0
394370,2021-07-31,166136.0
394370,2021-08-31,166995.0
394370,2021-09-30,166995.0
394617,2021-06-30,157015.0
394617,2021-07-31,157988.0
394617,2021-08-31,158871.0
394617,2021-09-30,158871.0
394702,2021-06-30,223884.0
394702,2021-07-31,226794.0
394702,2021-08-31,228532.0
394702,2021-09-30,231050.0
394366,2021-06-30,104961.0
394366,2021-07-31,105511.0
394366,2021-08-31,105730.0
394366,2021-09-30,105730.0
394948,2021-06-30,214324.0
394948,2021-07-31,218929.0
394948,2021-08-31,223890.0
394948,2021-09-30,227286.0
395191,2021-06-30,118933.0
395191,2021-07-31,120044.0
395191,2021-08-31,120757.0
395191,2021-09-30,120757.0
753922,2021-06-30,959850.0
753922,2021-07-31,996031.0
753922,2021-08-31,1033065.0
753922,2021-09-30,1070579.0
753864,2021-06-30,87450.0
753864,2021-07-31,87990.0
753864,2021-08-31,88630.0
753864,2021-09-30,88630.0
394771,2021-06-30,269942.0
394771,2021-07-31,271400.0
394771,2021-08-31,272899.0
394771,2021-09-30,272899.0
394984,2021-06-30,82983.0
394984,2021-07-31,83491.0
394984,2021-08-31,83909.0
394984,2021-09-30,83909.0
394385,2021-06-30,125509.0
394385,2021-07-31,126614.0
394385,2021-08-31,127605.0
394385,2021-09-30,127605.0
394777,2021-06-30,82106.0
394777,2021-07-31,82764.0
394777,2021-08-31,83391.0
394777,2021-09-30,83391.0
394535,2021-06-30,106418.0
394535,2021-07-31,107582.0
394535,2021-08-31,108331.0
394535,2021-09-30,110988.0
394315,2021-06-30,258808.0
394315,2021-07-31,263783.0
394315,2021-08-31,269052.0
394315,2021-09-30,274271.0
394915,2021-06-30,118909.0
394915,2021-07-31,120125.0
394915,2021-08-31,120629.0
394915,2021-09-30,122826.0
394522,2021-06-30,122146.0
394522,2021-07-31,122169.0
394522,2021-08-31,122180.0
394522,2021-09-30,123339.0
394781,2021-06-30,145733.0
394781,2021-07-31,146622.0
394781,2021-08-31,147416.0
394781,2021-09-30,150181.0
394481,2021-06-30,63049.0
394481,2021-07-31,63512.0
394481,2021-08-31,63819.0
394481,2021-09-30,65086.0
395084,2021-06-30,136891.0
395084,2021-07-31,138120.0
395084,2021-08-31,138851.0
395084,2021-09-30,140798.0
394835,2021-06-30,106091.0
394835,2021-07-31,106829.0
394835,2021-08-31,106813.0
394835,2021-09-30,106813.0
395141,2021-06-30,196039.0
395141,2021-07-31,199086.0
395141,2021-08-31,201204.0
395141,2021-09-30,201204.0
394417,2021-06-30,127400.0
394417,2021-07-31,127941.0
394417,2021-08-31,128509.0
394417,2021-09-30,130057.0
394335,2021-06-30,152435.0
394335,2021-07-31,154366.0
394335,2021-08-31,155517.0
394335,2021-09-30,155517.0
395150,2021-06-30,87523.0
395150,2021-07-31,87821.0
395150,2021-08-31,88165.0
395150,2021-09-30,88165.0
394525,2021-06-30,161330.0
394525,2021-07-31,162281.0
394525,2021-08-31,162939.0
394525,2021-09-30,162939.0
753894,2021-06-30,156472.0
753894,2021-07-31,157433.0
753894,2021-08-31,158112.0
753894,2021-09-30,158112.0
394557,2021-06-30,148977.0
394557,2021-07-31,149616.0
394557,2021-08-31,150303.0
394557,2021-09-30,150303.0
395184,2021-06-30,76678.0
395184,2021-07-31,77205.0
395184,2021-08-31,77564.0
395184,2021-09-30,79099.0
394430,2021-06-30,167820.0
394430,2021-07-31,169984.0
394430,2021-08-31,171497.0
394430,2021-09-30,171497.0
394331,2021-06-30,196409.0
394331,2021-07-31,198035.0
394331,2021-08-31,199159.0
394331,2021-09-30,199159.0
394536,2021-06-30,123117.0
394536,2021-07-31,123927.0
394536,2021-08-31,124811.0
394536,2021-09-30,124811.0
394413,2021-06-30,256146.0
394413,2021-07-31,257917.0
394413,2021-08-31,259566.0
394413,2021-09-30,259566.0
394569,2021-06-30,117743.0
394569,2021-07-31,118624.0
394569,2021-08-31,119532.0
394569,2021-09-30,119532.0
753892,2021-06-30,89751.0
753892,2021-07-31,90070.0
753892,2021-08-31,90445.0
753892,2021-09-30,90445.0
394613,2021-06-30,126585.0
394613,2021-07-31,127480.0
394613,2021-08-31,128096.0
394613,2021-09-30,128096.0
394414,2021-06-30,274316.0
394414,2021-07-31,276254.0
394414,2021-08-31,278089.0
394414,2021-09-30,278089.0
395149,2021-06-30,328739.0
395149,2021-07-31,333320.0
395149,2021-08-31,337837.0
395149,2021-09-30,344104.0
753902,2021-06-30,103976.0
753902,2021-07-31,105052.0
753902,2021-08-31,105778.0
753902,2021-09-30,108409.0
395165,2021-06-30,126473.0
395165,2021-07-31,126863.0
395165,2021-08-31,126917.0
395165,2021-09-30,126917.0
395196,2021-06-30,125012.0
395196,2021-07-31,125627.0
395196,2021-08-31,126294.0
395196,2021-09-30,126294.0
394433,2021-06-30,165634.0
394433,2021-07-31,167209.0
394433,2021-08-31,168294.0
394433,2021-09-30,168294.0
394812,2021-06-30,79016.0
394812,2021-07-31,79086.0
394812,2021-08-31,79155.0
394812,2021-09-30,79155.0
395187,2021-06-30,274605.0
395187,2021-07-31,276934.0
395187,2021-08-31,278414.0
395187,2021-09-30,279623.0
394749,2021-06-30,109313.0
394749,2021-07-31,108682.0
394749,2021-08-31,109152.0
394749,2021-09-30,111598.0
394815,2021-06-30,147240.0
394815,2021-07-31,148455.0
394815,2021-08-31,149231.0
394815,2021-09-30,149231.0
394886,2021-06-30,138721.0
394886,2021-07-31,140204.0
394886,2021-08-31,141179.0
394886,2021-09-30,141179.0
394962,2021-06-30,129837.0
394962,2021-07-31,131037.0
394962,2021-08-31,131343.0
394962,2021-09-30,131343.0
394491,2021-06-30,194104.0
394491,2021-07-31,195167.0
394491,2021-08-31,196644.0
394491,2021-09-30,196644.0
394419,2021-06-30,221970.0
394419,2021-07-31,222562.0
394419,2021-08-31,223255.0
394419,2021-09-30,223255.0
394740,2021-06-30,77971.0
394740,2021-07-31,78133.0
394740,2021-08-31,78259.0
394740,2021-09-30,78259.0
394376,2021-06-30,132867.0
394376,2021-07-31,133674.0
394376,2021-08-31,134156.0
394376,2021-09-30,134156.0
394855,2021-06-30,80100.0
394855,2021-07-31,81011.0
394855,2021-08-31,81493.0
394855,2021-09-30,83073.0
753878,2021-06-30,163422.0
753878,2021-07-31,165041.0
753878,2021-08-31,166034.0
753878,2021-09-30,170107.0
395207,2021-06-30,153234.0
395207,2021-07-31,154393.0
395207,2021-08-31,155565.0
395207,2021-09-30,155565.0
394435,2021-06-30,59497.0
394435,2021-07-31,59619.0
394435,2021-08-31,59672.0
394435,2021-09-30,60963.0
394713,2021-06-30,786438.0
394713,2021-07-31,797811.0
394713,2021-08-31,807653.0
394713,2021-09-30,831401.0
394670,2021-06-30,148122.0
394670,2021-07-31,148929.0
394670,2021-08-31,149256.0
394670,2021-09-30,149256.0
394730,2021-06-30,415098.0
394730,2021-07-31,415714.0
394730,2021-08-31,417036.0
394730,2021-09-30,417036.0
394310,2021-06-30,133386.0
394310,2021-07-31,134120.0
394310,2021-08-31,135015.0
394310,2021-09-30,138951.0
394786,2021-06-30,214124.0
394786,2021-07-31,217513.0
394786,2021-08-31,221206.0
394786,2021-09-30,225722.0
394708,2021-06-30,127289.0
394708,2021-07-31,128158.0
394708,2021-08-31,128877.0
394708,2021-09-30,128877.0
394795,2021-06-30,100632.0
394795,2021-07-31,100977.0
394795,2021-08-31,101510.0
394795,2021-09-30,101510.0
394725,2021-06-30,130252.0
394725,2021-07-31,131711.0
394725,2021-08-31,132545.0
394725,2021-09-30,132545.0
394751,2021-06-30,130638.0
394751,2021-07-31,131524.0
394751,2021-08-31,132134.0
394751,2021-09-30,132134.0
394320,2021-06-30,111773.0
394320,2021-07-31,112506.0
394320,2021-08-31,113231.0
394320,2021-09-30,113231.0
395100,2021-06-30,149867.0
395100,2021-07-31,150881.0
395100,2021-08-31,151321.0
395100,2021-09-30,153404.0
394706,2021-06-30,72589.0
394706,2021-07-31,72686.0
394706,2021-08-31,72918.0
394706,2021-09-30,73556.0
753879,2021-06-30,97683.0
753879,2021-07-31,98258.0
753879,2021-08-31,98641.0
753879,2021-09-30,99248.0
394774,2021-06-30,172782.0
394774,2021-07-31,174507.0
394774,2021-08-31,176072.0
394774,2021-09-30,178918.0
394846,2021-06-30,170542.0
394846,2021-07-31,171505.0
394846,2021-08-31,172387.0
394846,2021-09-30,172387.0
395093,2021-06-30,308643.0
395093,2021-07-31,310887.0
395093,2021-08-31,312907.0
395093,2021-09-30,312907.0
395206,2021-06-30,131865.0
395206,2021-07-31,133024.0
395206,2021-08-31,134168.0
395206,2021-09-30,134168.0
394381,2021-06-30,52651.0
394381,2021-07-31,52800.0
394381,2021-08-31,52909.0
394381,2021-09-30,54092.0
395185,2021-06-30,113922.0
395185,2021-07-31,114556.0
395185,2021-08-31,115106.0
395185,2021-09-30,115106.0
394853,2021-06-30,142243.0
394853,2021-07-31,142741.0
394853,2021-08-31,143476.0
394853,2021-09-30,143476.0
753901,2021-06-30,161692.0
753901,2021-07-31,162634.0
753901,2021-08-31,163647.0
753901,2021-09-30,168894.0
394858,2021-06-30,59803.0
394858,2021-07-31,60160.0
394858,2021-08-31,60500.0
394858,2021-09-30,60500.0
394508,2021-06-30,283687.0
394508,2021-07-31,287401.0
394508,2021-08-31,290129.0
394508,2021-09-30,290129.0
394921,2021-06-30,139345.0
394921,2021-07-31,139416.0
394921,2021-08-31,139986.0
394921,2021-09-30,139986.0
394673,2021-06-30,186734.0
394673,2021-07-31,187778.0
394673,2021-08-31,188718.0
394673,2021-09-30,188718.0
394601,2021-06-30,55359.0
394601,2021-07-31,55613.0
394601,2021-08-31,55922.0
394601,2021-09-30,57146.0
394606,2021-06-30,250750.0
394606,2021-07-31,253415.0
394606,2021-08-31,255227.0
394606,2021-09-30,255227.0
394864,2021-06-30,139285.0
394864,2021-07-31,141145.0
394864,2021-08-31,141912.0
394864,2021-09-30,141912.0
753871,2021-06-30,793634.0
753871,2021-07-31,827062.0
753871,2021-08-31,845744.0
753871,2021-09-30,863050.0
394364,2021-06-30,58048.0
394364,2021-07-31,57898.0
394364,2021-08-31,57924.0
394364,2021-09-30,58594.0
394356,2021-06-30,111906.0
394356,2021-07-31,112851.0
394356,2021-08-31,113317.0
394356,2021-09-30,113317.0
395214,2021-06-30,126664.0
395214,2021-07-31,128041.0
395214,2021-08-31,128901.0
395214,2021-09-30,128901.0
753884,2021-06-30,605485.0
753884,2021-07-31,617829.0
753884,2021-08-31,624434.0
753884,2021-09-30,624434.0
394643,2021-06-30,83504.0
394643,2021-07-31,84084.0
394643,2021-08-31,84641.0
394643,2021-09-30,86378.0
753926,2021-06-30,124537.0
753926,2021-07-31,124800.0
753926,2021-08-31,125031.0
753926,2021-09-30,127439.0
395211,2021-06-30,219853.0
395211,2021-07-31,220671.0
395211,2021-08-31,221627.0
395211,2021-09-30,221627.0
394642,2021-06-30,95198.0
394642,2021-07-31,95097.0
394642,2021-08-31,95113.0
394642,2021-09-30,96412.0
395154,2021-06-30,94697.0
395154,2021-07-31,95596.0
395154,2021-08-31,95997.0
395154,2021-09-30,95997.0
394892,2021-06-30,256722.0
394892,2021-07-31,261936.0
394892,2021-08-31,264744.0
394892,2021-09-30,267367.0
394322,2021-06-30,71648.0
394322,2021-07-31,72602.0
394322,2021-08-31,73321.0
394322,2021-09-30,75162.0
395181,2021-06-30,144087.0
395181,2021-07-31,144915.0
395181,2021-08-31,145396.0
395181,2021-09-30,145396.0
394791,2021-06-30,149261.0
394791,2021-07-31,149901.0
394791,2021-08-31,150600.0
394791,2021-09-30,150600.0
394401,2021-06-30,149995.0
394401,2021-07-31,150414.0
394401,2021-08-31,151198.0
394401,2021-09-30,151198.0
395159,2021-06-30,132410.0
395159,2021-07-31,133786.0
395159,2021-08-31,134847.0
395159,2021-09-30,134847.0
395138,2021-06-30,92213.0
395138,2021-07-31,92469.0
395138,2021-08-31,92265.0
395138,2021-09-30,94802.0
753909,2021-06-30,154496.0
753909,2021-07-31,155693.0
753909,2021-08-31,156585.0
753909,2021-09-30,156585.0
394912,2021-06-30,169378.0
394912,2021-07-31,170018.0
394912,2021-08-31,170774.0
394912,2021-09-30,170774.0
394830,2021-06-30,162045.0
394830,2021-07-31,162603.0
394830,2021-08-31,163441.0
394830,2021-09-30,163441.0
394758,2021-06-30,219738.0
394758,2021-07-31,221838.0
394758,2021-08-31,222805.0
394758,2021-09-30,222805.0
394649,2021-06-30,168564.0
394649,2021-07-31,169456.0
394649,2021-08-31,170341.0
394649,2021-09-30,170341.0
394854,2021-06-30,108883.0
394854,2021-07-31,109770.0
394854,2021-08-31,110288.0
394854,2021-09-30,110288.0
394869,2021-06-30,105253.0
394869,2021-07-31,106122.0
394869,2021-08-31,106739.0
394869,2021-09-30,106739.0
753923,2021-06-30,284174.0
753923,2021-07-31,288131.0
753923,2021-08-31,290269.0
753923,2021-09-30,290269.0
394529,2021-06-30,122224.0
394529,2021-07-31,123310.0
394529,2021-08-31,123787.0
394529,2021-09-30,125540.0
394584,2021-06-30,276997.0
394584,2021-07-31,280400.0
394584,2021-08-31,282019.0
394584,2021-09-30,282019.0
394615,2021-06-30,394697.0
394615,2021-07-31,398580.0
394615,2021-08-31,403080.0
394615,2021-09-30,414820.0
394818,2021-06-30,94241.0
394818,2021-07-31,94801.0
394818,2021-08-31,95247.0
394818,2021-09-30,97096.0
394436,2021-06-30,113497.0
394436,2021-07-31,114183.0
394436,2021-08-31,114706.0
394436,2021-09-30,114706.0
394494,2021-06-30,92231.0
394494,2021-07-31,93229.0
394494,2021-08-31,94179.0
394494,2021-09-30,94179.0
394533,2021-06-30,266234.0
394533,2021-07-31,265750.0
394533,2021-08-31,266467.0
394533,2021-09-30,269069.0
395110,2021-06-30,266126.0
395110,2021-07-31,267476.0
395110,2021-08-31,269035.0
395110,2021-09-30,269035.0
394674,2021-06-30,653022.0
394674,2021-07-31,661985.0
394674,2021-08-31,667720.0
394674,2021-09-30,673529.0
753921,2021-06-30,717084.0
753921,2021-07-31,743964.0
753921,2021-08-31,774261.0
753921,2021-09-30,800855.0
394498,2021-06-30,107660.0
394498,2021-07-31,108461.0
394498,2021-08-31,108856.0
394498,2021-09-30,108856.0
394831,2021-06-30,124026.0
394831,2021-07-31,126098.0
394831,2021-08-31,127923.0
394831,2021-09-30,131244.0
394837,2021-06-30,153425.0
394837,2021-07-31,154757.0
394837,2021-08-31,155790.0
394837,2021-09-30,155790.0
394337,2021-06-30,95446.0
394337,2021-07-31,95248.0
394337,2021-08-31,94916.0
394337,2021-09-30,96948.0
394793,2021-06-30,118062.0
394793,2021-07-31,118613.0
394793,2021-08-31,119590.0
394793,2021-09-30,120895.0
394784,2021-06-30,120611.0
394784,2021-07-31,121547.0
394784,2021-08-31,122245.0
394784,2021-09-30,122245.0
395198,2021-06-30,145484.0
395198,2021-07-31,145849.0
395198,2021-08-31,146426.0
395198,2021-09-30,146426.0
394868,2021-06-30,177107.0
394868,2021-07-31,178316.0
394868,2021-08-31,179836.0
394868,2021-09-30,179836.0
395130,2021-06-30,185169.0
395130,2021-07-31,187381.0
395130,2021-08-31,188713.0
395130,2021-09-30,188713.0
394959,2021-06-30,99411.0
394959,2021-07-31,100201.0
394959,2021-08-31,100684.0
394959,2021-09-30,100684.0
395241,2021-06-30,190818.0
395241,2021-07-31,191492.0
395241,2021-08-31,192444.0
395241,2021-09-30,192444.0
395227,2021-06-30,272185.0
395227,2021-07-31,272293.0
395227,2021-08-31,272520.0
395227,2021-09-30,275128.0
394945,2021-06-30,121924.0
394945,2021-07-31,121954.0
394945,2021-08-31,122484.0
394945,2021-09-30,122484.0
394418,2021-06-30,379358.0
394418,2021-07-31,385474.0
394418,2021-08-31,388490.0
394418,2021-09-30,388490.0
394687,2021-06-30,509889.0
394687,2021-07-31,516338.0
394687,2021-08-31,520040.0
394687,2021-09-30,520040.0
394371,2021-06-30,114462.0
394371,2021-07-31,115211.0
394371,2021-08-31,115982.0
394371,2021-09-30,115982.0
394403,2021-06-30,74715.0
394403,2021-07-31,74966.0
394403,2021-08-31,74968.0
394403,2021-09-30,74968.0
395014,2021-06-30,74836.0
395014,2021-07-31,75555.0
395014,2021-08-31,75888.0
395014,2021-09-30,75888.0
394564,2021-06-30,113717.0
394564,2021-07-31,116549.0
394564,2021-08-31,119077.0
394564,2021-09-30,120811.0
394656,2021-06-30,99084.0
394656,2021-07-31,99593.0
394656,2021-08-31,100746.0
394656,2021-09-30,102361.0
394544,2021-06-30,136602.0
394544,2021-07-31,137551.0
394544,2021-08-31,138167.0
394544,2021-09-30,138167.0
394676,2021-06-30,29882.0
394676,2021-07-31,30117.0
394676,2021-08-31,30226.0
394676,2021-09-30,30815.0
394965,2021-06-30,58750.0
394965,2021-07-31,59298.0
394965,2021-08-31,59752.0
394965,2021-09-30,61447.0
395003,2021-06-30,188735.0
395003,2021-07-31,190572.0
395003,2021-08-31,192237.0
395003,2021-09-30,193989.0
753914,2021-06-30,155073.0
753914,2021-07-31,156049.0
753914,2021-08-31,156692.0
753914,2021-09-30,156692.0
395239,2021-06-30,143815.0
395239,2021-07-31,144519.0
395239,2021-08-31,145430.0
395239,2021-09-30,145430.0
394979,2021-06-30,224572.0
394979,2021-07-31,224974.0
394979,2021-08-31,225678.0
394979,2021-09-30,225678.0
394578,2021-06-30,221125.0
394578,2021-07-31,222752.0
394578,2021-08-31,224242.0
394578,2021-09-30,224242.0
394718,2021-06-30,173616.0
394718,2021-07-31,173674.0
394718,2021-08-31,174309.0
394718,2021-09-30,176334.0
395004,2021-06-30,318485.0
395004,2021-07-31,323008.0
395004,2021-08-31,325711.0
395004,2021-09-30,325711.0
394659,2021-06-30,109205.0
394659,2021-07-31,109889.0
394659,2021-08-31,110510.0
394659,2021-09-30,112520.0
395135,2021-06-30,129694.0
395135,2021-07-31,129921.0
395135,2021-08-31,130472.0
395135,2021-09-30,130472.0
395236,2021-06-30,112908.0
395236,2021-07-31,113792.0
395236,2021-08-31,114127.0
395236,2021-09-30,115800.0
394996,2021-06-30,110522.0
394996,2021-07-31,111117.0
394996,2021-08-31,110982.0
394996,2021-09-30,112449.0
394678,2021-06-30,106250.0
394678,2021-07-31,106902.0
394678,2021-08-31,107548.0
394678,2021-09-30,107548.0
753908,2021-06-30,219476.0
753908,2021-07-31,221703.0
753908,2021-08-31,222533.0
753908,2021-09-30,222533.0
394805,2021-06-30,345854.0
394805,2021-07-31,350231.0
394805,2021-08-31,352871.0
394805,2021-09-30,359504.0
394594,2021-06-30,83883.0
394594,2021-07-31,84642.0
394594,2021-08-31,84712.0
394594,2021-09-30,84712.0
394841,2021-06-30,102044.0
394841,2021-07-31,102823.0
394841,2021-08-31,103423.0
394841,2021-09-30,105735.0
394342,2021-06-30,101204.0
394342,2021-07-31,101896.0
394342,2021-08-31,102655.0
394342,2021-09-30,102655.0
395104,2021-06-30,107432.0
395104,2021-07-31,107899.0
395104,2021-08-31,107983.0
395104,2021-09-30,107983.0
753880,2021-06-30,128427.0
753880,2021-07-31,128365.0
753880,2021-08-31,128805.0
753880,2021-09-30,128805.0
395111,2021-06-30,136448.0
395111,2021-07-31,135509.0
395111,2021-08-31,134760.0
395111,2021-09-30,134760.0
395112,2021-06-30,254861.0
395112,2021-07-31,255589.0
395112,2021-08-31,256923.0
395112,2021-09-30,256923.0
753925,2021-06-30,940002.0
753925,2021-07-31,947501.0
753925,2021-08-31,954433.0
753925,2021-09-30,954433.0
753927,2021-06-30,255162.0
753927,2021-07-31,258510.0
753927,2021-08-31,259827.0
753927,2021-09-30,259827.0
395142,2021-06-30,80578.0
395142,2021-07-31,81183.0
395142,2021-08-31,81498.0
395142,2021-09-30,83259.0
394330,2021-06-30,187889.0
394330,2021-07-31,189226.0
394330,2021-08-31,190624.0
394330,2021-09-30,190624.0
753929,2021-06-30,101600.0
753929,2021-07-31,102117.0
753929,2021-08-31,102367.0
753929,2021-09-30,104489.0
395186,2021-06-30,194689.0
395186,2021-07-31,195579.0
395186,2021-08-31,196740.0
395186,2021-09-30,196740.0
394767,2021-06-30,81142.0
394767,2021-07-31,81938.0
394767,2021-08-31,82554.0
394767,2021-09-30,82554.0
753874,2021-06-30,218349.0
753874,2021-07-31,220683.0
753874,2021-08-31,222523.0
753874,2021-09-30,222523.0
394968,2021-06-30,143997.0
394968,2021-07-31,145582.0
394968,2021-08-31,149426.0
394968,2021-09-30,155713.0
395188,2021-06-30,69419.0
395188,2021-07-31,69912.0
395188,2021-08-31,70115.0
395188,2021-09-30,70115.0
394743,2021-06-30,322547.0
394743,2021-07-31,322622.0
394743,2021-08-31,323793.0
394743,2021-09-30,329137.0
